																																		
World Rugby Rankings																																		
Date	New Zealand	Australia	South Africa	France	England	Ireland	Wales	Scotland	Italy	Samoa	Fiji	Tonga	Argentina	United States	Canada	Romania	Georgia	Japan	Uruguay	Portugal	Namibia	Russia	Spain	Chile										
10/6/2003	2	4	6	5	1	3	10	9	13	8	11	12	7	14	16	15	17	18	19	20	25	23	30	24										
10/13/2003	2	3	6	5	1	4	8	10	13	9	11	12	7	14	16	15	17	18	19	20	25	23	30	24										
10/20/2003	2	3	6	5	1	4	8	10	12	9	11	15	7	14	16	13	17	18	19	20	25	23	30	24										
10/27/2003	2	4	6	5	1	3	8	10	12	9	11	14	8	15	16	13	17	18	19	20	25	23	30	24										
11/3/2003	2	3	6	4	1	5	8	9	11	10	12	17	7	15	13	14	19	20	16	18	25	23	30	24										
11/10/2003	1	4	5	3	2	6	8	9	11	10	12	17	7	15	13	14	19	20	16	18	25	23	30	24										
11/17/2003	3	2	5	4	1	6	8	9	11	10	12	17	7	15	13	14	19	20	16	18	25	23	30	24										
11/24/2003	2	3	5	4	1	6	8	9	11	10	12	17	7	15	13	14	19	20	16	18	25	23	30	24										
12/1/2003	2	3	5	4	1	6	8	9	11	10	12	17	7	15	13	14	19	20	16	18	25	23	30	24										
12/8/2003	2	3	5	4	1	6	8	9	11	10	12	17	7	15	13	14	19	20	16	18	25	23	30	24										
12/15/2003	2	3	5	4	1	6	8	9	11	10	12	17	7	15	13	14	19	20	16	18	25	23	30	24										
12/22/2003	2	3	5	4	1	6	8	9	11	10	12	17	7	15	13	14	19	20	16	18	25	23	30	24										
12/29/2003	2	3	5	4	1	6	8	9	11	10	12	17	7	15	13	14	19	20	16	18	25	23	30	24										
1/5/2004	2	3	5	4	1	6	8	9	11	10	12	17	7	15	13	14	19	20	16	18	25	23	30	24										
1/12/2004	2	3	5	4	1	6	8	9	11	10	12	17	7	15	13	14	19	20	16	18	25	23	30	24										
1/19/2004	2	3	5	4	1	6	8	9	11	10	12	17	7	15	13	14	19	20	16	18	25	23	30	24										
1/26/2004	2	3	5	4	1	6	8	9	11	10	12	17	7	15	13	14	19	20	16	18	25	23	30	24										
2/2/2004	2	3	5	4	1	6	8	9	11	10	12	17	7	15	13	14	19	20	16	18	25	23	30	24										
2/9/2004	2	3	5	4	1	6	8	9	11	10	12	17	7	15	13	14	19	20	16	18	25	23	30	24										
2/16/2004	2	3	5	4	1	6	8	9	11	10	12	18	7	15	13	14	23	19	16	17	25	22	30	24										
2/23/2004	2	3	5	4	1	6	8	9	11	10	12	17	7	15	13	14	23	19	16	18	25	22	30	24										
3/1/2004	2	3	5	4	1	6	8	9	11	10	12	17	7	15	13	14	23	20	16	18	26	22	30	24										
3/8/2004	2	3	6	4	1	5	8	9	11	10	12	18	7	15	13	14	22	20	16	17	26	24	30	23										
3/15/2004	2	3	6	4	1	5	8	9	11	10	12	18	7	15	13	14	22	20	16	17	26	24	30	23										
3/22/2004	2	3	6	4	1	5	8	9	11	10	12	18	7	14	13	15	22	20	16	17	26	21	31	24										
3/29/2004	2	3	6	4	1	5	8	9	11	10	12	18	7	14	13	15	21	20	16	17	26	22	31	24										
4/5/2004	2	3	6	4	1	5	8	9	11	10	12	18	7	14	13	15	21	20	16	17	26	22	31	24										
4/12/2004	2	3	6	4	1	5	8	9	11	10	12	18	7	14	13	15	21	20	16	17	26	22	30	24										
4/19/2004	2	3	6	4	1	5	8	9	11	10	12	18	7	14	13	15	21	20	16	17	26	22	30	24										
4/26/2004	2	3	6	4	1	5	8	9	11	10	12	18	7	14	13	15	21	20	16	17	26	22	31	24										
5/3/2004	2	3	6	4	1	5	8	9	11	10	12	18	7	14	13	15	21	20	16	17	26	22	31	24										
5/10/2004	2	3	6	4	1	5	8	9	11	10	12	18	7	14	13	15	21	19	16	17	26	22	32	24										
5/17/2004	2	3	6	4	1	5	8	9	11	10	12	18	7	14	13	15	22	19	16	17	26	23	32	25										
5/24/2004	2	3	6	4	1	5	8	9	11	10	12	18	7	14	13	15	22	19	16	17	26	23	32	25										
5/31/2004	2	3	6	4	1	5	8	9	11	10	12	19	7	15	13	14	22	18	16	17	26	23	32	25										
6/7/2004	2	3	6	4	1	5	8	9	10	12	11	19	7	14	13	15	22	18	16	17	26	23	32	25										
6/14/2004	1	3	5	4	2	6	8	9	11	12	10	19	7	14	13	15	22	18	16	17	26	23	32	25										
6/21/2004	1	3	5	4	2	6	7	9	11	12	10	19	8	15	13	14	22	18	16	17	26	23	32	25										
6/28/2004	1	2	5	4	3	6	7	9	11	12	10	19	8	15	13	14	22	18	16	17	26	23	32	25										
7/5/2004	1	2	5	4	3	6	7	9	11	12	10	19	8	15	13	14	22	18	16	17	26	23	32	25										
7/12/2004	1	2	5	4	3	6	7	9	11	12	10	19	8	15	13	14	22	18	16	17	26	23	32	25										
7/19/2004	1	2	5	4	3	6	7	9	11	12	10	19	8	15	13	14	22	18	16	17	26	23	32	25										
7/26/2004	1	2	5	4	3	6	7	9	11	12	10	19	8	15	13	14	22	18	16	17	26	23	32	25										
8/2/2004	1	2	5	4	3	6	7	9	11	12	10	19	8	15	13	14	22	18	16	17	26	23	32	25										
8/9/2004	1	2	5	4	3	6	7	9	11	12	10	19	8	15	13	14	22	18	16	17	26	23	32	25										
8/16/2004	1	2	5	4	3	6	7	9	11	12	10	19	8	15	13	14	22	18	16	17	26	23	32	25										
8/23/2004	1	2	5	4	3	6	7	9	11	12	10	19	8	15	13	14	22	18	16	17	26	23	32	25										
8/30/2004	1	2	5	4	3	6	7	9	11	12	10	19	8	15	13	14	22	18	16	17	26	23	32	25										
9/6/2004	1	2	5	4	3	6	7	9	11	12	10	19	8	15	13	14	22	18	16	17	26	23	32	25										
9/13/2004	1	2	5	4	3	6	7	9	11	12	10	19	8	15	13	14	22	18	16	17	26	23	32	25										
9/20/2004	1	2	5	4	3	6	7	9	11	12	10	19	8	15	13	14	22	18	16	17	26	23	32	25										
9/27/2004	1	2	5	4	3	6	7	9	11	12	10	19	8	15	13	14	22	18	16	17	26	23	32	25										
10/4/2004	1	2	5	4	3	6	7	9	11	12	10	19	8	15	13	14	22	18	16	17	26	23	32	25										
10/11/2004	1	2	5	4	3	6	7	9	11	12	10	19	8	15	13	14	22	18	16	17	26	23	32	25										
10/18/2004	1	2	5	4	3	6	7	9	11	12	10	19	8	15	13	14	22	18	16	17	26	23	32	25										
10/25/2004	1	2	5	4	3	6	7	9	11	12	10	19	8	15	13	14	22	18	16	17	26	23	32	25										
11/1/2004	1	2	5	4	3	6	7	9	11	12	10	19	8	15	13	14	21	18	16	17	26	23	32	25										
11/8/2004	1	2	5	4	3	6	8	9	11	12	10	19	7	16	14	13	22	17	15	18	26	23	32	25										
11/15/2004	1	3	5	4	2	6	8	9	11	12	10	19	7	16	14	13	22	17	15	18	24	23	32	26										
11/22/2004	1	3	5	4	2	6	8	9	11	12	10	19	7	16	14	13	20	18	15	17	23	25	32	24										
11/29/2004	1	2	4	5	3	6	8	9	11	12	10	19	7	16	14	13	20	18	15	17	23	25	32	24										
12/6/2004	1	2	4	5	3	6	8	9	11	12	10	19	7	16	14	13	20	18	15	17	23	25	32	24										
12/13/2004	1	2	4	5	3	6	8	9	11	12	10	19	7	16	14	13	20	18	15	17	23	25	32	24										
12/20/2004	1	2	4	5	3	6	8	9	11	12	10	19	7	16	14	13	20	18	15	17	23	25	32	24										
12/27/2004	1	2	4	5	3	6	8	9	11	12	10	19	7	16	14	13	20	18	15	17	23	25	32	24										
1/3/2005	1	2	4	5	3	6	8	9	11	12	10	19	7	16	14	13	20	18	15	17	23	25	32	24										
1/10/2005	1	2	4	5	3	6	8	9	11	12	10	19	7	16	14	13	20	18	15	17	23	25	32	24										
1/17/2005	1	2	4	5	3	6	8	9	11	12	10	19	7	16	14	13	20	18	15	17	23	25	32	24										
1/24/2005	1	2	4	5	3	6	8	9	11	12	10	19	7	16	14	13	20	18	15	17	23	25	32	24										
1/31/2005	1	2	4	5	3	6	8	9	11	12	10	19	7	16	14	13	20	18	15	17	23	25	32	24										
2/7/2005	1	2	3	5	4	6	7	9	11	12	10	19	8	16	14	13	20	18	15	17	23	25	32	24										
2/14/2005	1	2	3	4	6	5	7	9	11	12	10	19	8	16	14	13	20	18	15	17	23	25	31	24										
2/21/2005	1	2	3	4	6	5	7	9	11	12	10	19	8	16	14	13	20	18	15	17	23	25	31	24										
2/28/2005	1	2	3	5	6	4	7	9	12	11	10	19	8	16	14	13	20	18	15	17	23	25	31	24										
3/7/2005	1	2	3	5	6	4	7	9	12	11	10	19	8	16	14	13	20	18	15	17	23	25	31	24										
3/14/2005	1	2	3	4	6	5	7	9	12	11	10	20	8	16	13	14	19	18	15	17	23	25	31	24										
3/21/2005	1	2	3	4	6	7	5	9	12	11	10	20	8	16	13	14	19	18	15	17	23	26	31	24										
3/28/2005	1	2	3	4	6	7	5	9	12	11	10	20	8	16	13	14	19	18	15	17	23	26	30	24										
4/4/2005	1	2	3	4	6	7	5	9	12	11	10	20	8	16	13	14	19	18	15	17	23	26	30	24										
4/11/2005	1	2	3	4	6	7	5	9	12	11	10	20	8	16	13	14	19	18	15	17	23	26	31	24										
4/18/2005	1	2	3	4	6	7	5	9	12	11	10	20	8	16	13	15	19	18	14	17	23	26	31	24										
4/25/2005	1	2	3	4	6	7	5	9	12	11	10	20	8	16	13	15	19	18	14	17	23	26	30	24										
5/2/2005	1	2	3	4	6	7	5	9	12	11	10	20	8	16	13	15	19	18	14	17	23	26	30	24										
5/9/2005	1	2	3	4	6	7	5	9	12	11	10	20	8	16	13	15	19	18	14	17	23	26	30	24										
5/16/2005	1	2	3	4	6	7	5	9	12	11	10	20	8	16	13	15	19	18	14	17	22	26	30	24										
5/23/2005	1	2	3	4	6	7	5	9	12	11	10	20	8	16	13	15	19	18	14	17	23	26	30	24										
5/30/2005	1	2	3	4	6	7	5	9	12	11	10	20	8	15	13	18	19	17	14	16	23	26	30	24										
6/6/2005	1	2	3	4	6	7	5	9	12	11	10	20	8	15	13	18	19	17	14	16	23	26	30	24										
6/13/2005	1	2	3	4	6	7	5	9	12	11	10	20	8	15	13	17	19	18	14	16	23	26	30	24										
6/20/2005	1	2	3	4	6	7	5	9	11	12	10	20	8	15	13	17	19	18	14	16	23	26	30	24										
6/27/2005	1	2	3	4	6	7	5	9	11	12	10	20	8	14	13	17	19	18	15	16	23	26	30	24										
7/4/2005	1	2	3	4	6	7	5	9	11	12	10	20	8	14	13	17	19	18	15	16	23	26	30	24										
7/11/2005	1	2	3	4	6	7	5	9	10	11	12	20	8	14	13	17	19	18	15	16	23	26	30	24										
7/18/2005	1	2	3	4	6	7	5	9	10	11	12	20	8	14	13	17	19	18	15	16	23	26	30	24										
7/25/2005	1	2	3	4	6	7	5	9	10	11	12	20	8	14	13	17	19	18	15	16	23	26	30	24										
8/1/2005	1	2	3	4	6	7	5	9	11	12	10	20	8	14	13	17	19	18	15	16	23	26	30	24										
8/8/2005	1	3	2	4	6	7	5	9	11	12	10	20	8	14	13	17	19	18	15	16	23	26	30	24										
8/15/2005	1	3	2	4	6	7	5	9	11	12	10	20	8	14	13	17	19	18	15	16	23	26	30	24										
8/22/2005	1	3	2	4	6	7	5	9	11	12	10	20	8	14	13	17	19	18	15	16	23	26	30	24										
8/29/2005	1	3	2	4	6	7	5	9	11	12	10	20	8	14	13	17	19	18	15	16	23	26	30	24										
9/5/2005	1	3	2	4	6	7	5	9	11	12	10	20	8	14	13	17	19	18	15	16	23	26	30	24										
9/12/2005	1	3	2	4	6	7	5	9	11	12	10	20	8	14	13	17	19	18	15	16	23	26	30	24										
9/19/2005	1	3	2	4	6	7	5	9	11	12	10	20	8	14	13	17	19	18	15	16	23	26	30	24										
9/26/2005	1	3	2	4	6	7	5	9	11	12	10	20	8	14	13	17	19	18	15	16	23	26	30	24										
10/3/2005	1	3	2	4	6	7	5	9	11	12	10	20	8	14	13	17	19	18	15	16	23	26	31	24										
10/10/2005	1	3	2	4	6	7	5	9	11	12	10	20	8	14	13	17	19	18	15	16	23	26	30	24										
10/17/2005	1	3	2	4	6	7	5	9	11	12	10	20	8	14	13	17	19	18	15	16	24	26	30	23										
10/24/2005	1	3	2	4	6	7	5	9	11	12	10	20	8	14	13	17	19	18	15	16	24	26	30	23										
10/31/2005	1	3	2	4	6	7	5	9	11	12	10	20	8	14	13	17	19	18	15	16	24	26	30	23										
11/7/2005	1	4	2	3	5	7	6	9	11	12	10	20	8	14	13	17	19	18	15	16	25	26	29	23										
11/14/2005	1	5	2	3	4	7	6	10	11	12	9	20	8	14	13	17	19	18	15	16	25	24	28	23										
11/21/2005	1	3	2	4	5	7	6	10	12	11	9	20	8	14	13	16	19	18	15	17	25	24	27	23										
11/28/2005	1	4	2	3	5	7	6	9	11	12	10	20	8	14	13	16	19	18	15	17	25	24	27	23										
12/5/2005	1	4	2	3	5	7	6	10	12	9	11	20	8	14	13	16	19	18	15	17	25	24	27	23										
12/12/2005	1	4	2	3	5	7	6	10	12	9	11	20	8	14	13	16	19	18	15	17	25	24	27	23										
12/19/2005	1	4	2	3	5	7	6	10	12	9	11	20	8	14	13	16	19	18	15	17	25	24	27	23										
12/26/2005	1	4	2	3	5	7	6	10	12	9	11	20	8	14	13	16	19	18	15	17	25	24	27	23										
1/2/2006	1	4	2	3	5	7	6	10	12	9	11	20	8	14	13	16	19	18	15	17	25	24	27	23										
1/9/2006	1	4	2	3	5	7	6	10	12	9	11	20	8	14	13	16	19	18	15	17	25	24	27	23										
1/16/2006	1	4	2	3	5	7	6	10	12	9	11	20	8	14	13	16	19	18	15	17	25	24	27	23										
1/23/2006	1	4	2	3	5	7	6	10	12	9	11	20	8	14	13	16	19	18	15	17	25	24	27	23										
1/30/2006	1	4	2	3	5	7	6	10	12	9	11	20	8	14	13	16	19	18	15	17	25	24	27	23										
2/6/2006	1	5	2	4	3	7	6	8	12	10	11	20	9	14	13	16	19	18	15	17	25	24	27	23										
2/13/2006	1	5	2	3	4	7	6	8	12	10	11	20	9	14	13	16	19	18	15	17	25	24	27	23										
2/20/2006	1	5	2	3	4	7	6	8	12	10	11	20	9	14	13	16	19	18	15	17	25	24	27	23										
2/27/2006	1	4	2	3	5	6	7	8	12	10	11	20	9	14	13	15	19	17	16	18	25	23	27	24										
3/6/2006	1	4	2	3	5	6	7	8	12	10	11	20	9	14	13	15	19	17	16	18	25	23	27	24										
3/13/2006	1	4	2	3	5	6	7	8	11	10	12	20	9	14	13	15	18	17	16	19	25	23	27	24										
3/20/2006	1	4	2	3	6	5	7	8	12	10	11	20	9	15	14	13	18	17	16	19	25	23	27	24										
3/27/2006	1	4	2	3	6	5	7	8	12	10	11	20	9	15	14	13	18	17	16	19	25	23	27	24										
4/3/2006	1	4	2	3	6	5	7	8	12	10	11	20	9	15	14	13	18	17	16	19	25	23	27	24										
4/10/2006	1	4	2	3	6	5	7	8	12	10	11	20	9	15	14	13	18	17	16	19	25	23	27	24										
4/17/2006	1	4	2	3	6	5	7	8	12	10	11	20	9	15	14	13	18	17	16	19	25	23	27	24										
4/24/2006	1	4	2	3	6	5	7	8	12	10	11	20	9	15	14	13	18	17	16	19	25	23	28	24										
5/1/2006	1	4	2	3	6	5	7	8	12	10	11	20	9	15	14	13	18	17	16	19	25	23	28	24										
5/8/2006	1	4	2	3	6	5	7	8	12	10	11	20	9	15	14	13	18	17	16	19	25	23	28	24										
5/15/2006	1	4	2	3	6	5	7	8	12	10	11	20	9	15	14	13	18	16	17	19	25	23	28	24										
5/22/2006	1	4	2	3	6	5	7	8	12	10	11	20	9	15	14	13	18	16	17	19	25	23	28	24										
5/29/2006	1	4	2	3	6	5	7	8	12	10	11	20	9	15	14	13	18	16	17	19	25	22	27	24										
6/5/2006	1	4	2	3	6	5	7	8	12	10	11	17	9	15	14	13	18	19	16	20	25	22	27	24										
6/12/2006	1	4	2	3	6	5	8	7	11	10	12	17	9	14	13	15	18	19	16	20	25	21	26	24										
6/19/2006	1	4	2	3	6	5	9	7	11	10	12	17	8	14	13	15	18	20	16	21	25	19	26	24										
6/26/2006	1	4	3	2	6	5	9	7	12	10	11	17	8	14	13	15	18	20	16	21	25	19	26	24										
7/3/2006	1	4	3	2	6	5	9	7	12	10	11	17	8	14	13	15	18	20	16	21	27	19	25	24										
7/10/2006	1	4	3	2	6	5	9	7	12	10	11	17	8	14	13	15	18	20	16	21	27	19	25	24										
7/17/2006	1	3	4	2	6	5	9	7	12	10	11	17	8	14	13	15	18	20	16	21	27	19	25	24										
7/24/2006	1	3	4	2	6	5	9	7	12	10	11	17	8	14	13	15	18	20	16	21	27	19	25	24										
7/31/2006	1	3	4	2	6	5	9	7	12	10	11	17	8	14	13	15	18	20	16	21	27	19	25	24										
8/7/2006	1	3	4	2	6	5	9	7	12	10	11	17	8	14	13	15	18	20	16	21	27	19	25	24										
8/14/2006	1	3	4	2	6	5	9	7	12	10	11	17	8	15	13	14	18	20	16	21	27	19	25	24										
8/21/2006	1	3	4	2	6	5	9	7	12	10	11	17	8	15	13	14	18	20	16	21	27	19	25	24										
8/28/2006	1	3	4	2	6	5	9	7	12	10	11	17	8	15	13	14	18	20	16	21	26	19	28	24										
9/4/2006	1	3	4	2	6	5	9	7	12	10	11	17	8	15	13	14	18	20	16	21	26	19	28	24										
9/11/2006	1	4	3	2	6	5	9	7	12	10	11	17	8	15	13	14	18	20	16	21	29	19	27	24										
9/18/2006	1	4	3	2	6	5	9	7	12	10	11	17	8	15	13	14	18	20	16	21	28	19	25	24										
9/25/2006	1	4	3	2	6	5	9	7	12	10	11	17	8	15	13	14	18	20	16	21	28	19	25	24										
10/2/2006	1	4	3	2	6	5	9	7	12	10	11	16	8	14	13	15	17	20	18	21	28	19	25	24										
10/9/2006	1	4	3	2	6	5	9	7	12	10	11	16	8	14	13	15	17	20	19	21	27	18	25	24										
10/16/2006	1	4	3	2	6	5	9	7	12	10	11	16	8	14	13	15	17	20	18	21	27	19	25	24										
10/23/2006	1	4	3	2	6	5	9	7	12	10	11	16	8	14	13	15	17	20	18	21	27	19	25	24										
10/30/2006	1	4	3	2	6	5	9	7	12	10	11	16	8	14	13	15	17	19	18	21	26	20	25	23										
11/6/2006	1	4	3	2	6	5	8	7	12	10	11	16	9	14	13	15	17	19	18	21	26	20	25	23										
11/13/2006	1	3	4	2	7	5	9	8	12	10	11	16	6	14	13	15	17	19	18	21	23	20	25	24										
11/20/2006	1	4	5	2	6	3	9	8	12	10	11	16	7	14	13	15	17	19	18	21	23	20	25	24										
11/27/2006	1	3	4	2	7	5	8	9	12	10	11	16	6	14	13	15	17	18	19	21	23	20	25	24										
12/4/2006	1	3	4	2	7	5	8	9	12	10	11	16	6	14	13	15	17	18	19	21	23	20	25	24										
12/11/2006	1	3	4	2	7	5	8	9	12	10	11	16	6	14	13	15	17	18	19	21	23	20	25	24										
12/18/2006	1	3	4	2	7	5	8	9	12	10	11	16	6	14	13	15	17	18	19	21	23	20	25	24										
12/25/2006	1	3	4	2	7	5	8	9	12	10	11	16	6	14	13	15	17	18	19	21	23	20	25	24										
1/1/2007	1	3	4	2	7	5	8	9	12	10	11	16	6	14	13	15	17	18	19	21	23	20	25	24										
1/8/2007	1	3	4	2	7	5	8	9	12	10	11	16	6	14	13	15	17	18	19	21	23	20	25	24										
1/15/2007	1	3	4	2	7	5	8	9	12	10	11	16	6	14	13	15	17	18	19	21	23	20	25	24										
1/22/2007	1	3	4	2	7	5	8	9	12	10	11	16	6	14	13	15	17	18	19	21	23	20	25	24										
1/29/2007	1	3	4	2	7	5	8	9	12	10	11	16	6	14	13	15	17	18	19	21	23	20	25	24										
2/5/2007	1	3	5	2	6	4	8	9	12	10	11	17	7	14	13	15	16	18	19	21	23	20	25	24										
2/12/2007	1	3	4	2	6	5	9	8	12	10	11	16	7	14	13	15	17	18	19	21	23	20	25	24										
2/19/2007	1	3	4	2	6	5	9	8	12	10	11	16	7	14	13	15	17	18	19	21	23	20	25	24										
2/26/2007	1	3	4	2	7	5	8	10	9	11	12	16	6	14	13	15	17	18	19	21	23	20	25	24										
3/5/2007	1	3	4	2	7	5	8	10	9	11	12	16	6	14	13	15	17	18	19	21	23	20	25	24										
3/12/2007	1	3	4	2	6	5	9	10	8	11	12	16	7	14	13	15	17	18	20	21	23	19	25	24										
3/19/2007	1	3	5	2	6	4	8	10	9	11	12	16	7	14	13	15	17	18	20	21	23	19	25	24										
3/26/2007	1	3	5	2	6	4	8	10	9	11	12	16	7	14	13	15	17	18	19	21	23	20	25	24										
4/2/2007	1	3	5	2	6	4	8	10	9	11	12	16	7	14	13	15	17	18	19	21	23	20	25	24										
4/9/2007	1	3	5	2	6	4	8	10	9	11	12	16	7	14	13	15	17	18	19	21	23	20	25	24										
4/16/2007	1	3	5	2	6	4	8	10	9	11	12	16	7	14	13	15	17	18	19	21	23	20	25	24										
4/23/2007	1	3	5	2	6	4	8	10	9	11	12	16	7	14	13	15	17	18	19	21	22	20	25	23										
4/30/2007	1	3	5	2	6	4	8	10	9	11	12	16	7	14	13	15	17	18	19	21	22	20	25	23										
5/7/2007	1	3	5	2	6	4	8	10	9	11	12	16	7	14	13	15	17	18	19	21	23	20	22	24										
5/14/2007	1	3	5	2	6	4	8	10	9	11	12	16	7	14	13	15	17	18	20	21	23	19	22	24										
5/21/2007	1	3	5	2	6	4	8	11	9	10	12	16	7	14	13	15	17	18	20	21	23	19	22	24										
5/28/2007	1	3	4	2	7	5	8	11	9	10	12	16	6	14	13	15	17	18	20	21	23	19	22	24										
6/4/2007	1	3	4	2	7	5	8	11	9	10	12	18	6	14	13	15	17	16	20	21	23	19	22	24										
6/11/2007	1	3	4	2	7	5	8	11	9	10	12	18	6	14	13	15	17	16	20	21	24	19	22	23										
6/18/2007	1	4	2	3	7	5	8	11	9	10	13	15	6	14	12	16	17	18	20	21	24	19	22	23										
6/25/2007	1	4	3	2	7	5	8	11	9	10	13	15	6	14	12	16	17	18	20	21	25	19	22	23										
7/2/2007	1	2	4	3	7	5	8	11	9	10	13	15	6	14	12	16	17	18	20	21	25	19	22	23										
7/9/2007	1	2	4	3	7	5	8	11	9	10	13	15	6	14	12	16	17	18	20	21	25	19	22	23										
7/16/2007	1	2	4	3	7	5	8	11	9	10	13	15	6	14	12	16	17	18	20	21	25	19	22	23										
7/23/2007	1	2	4	3	7	5	8	11	9	10	13	15	6	14	12	16	17	18	20	21	25	19	22	23										
7/30/2007	1	2	4	3	7	5	8	11	9	10	13	15	6	14	12	16	17	18	20	21	25	19	22	23										
8/6/2007	1	2	4	3	7	5	9	11	8	10	13	15	6	14	12	16	17	18	20	21	25	19	22	23										
8/13/2007	1	2	4	3	7	6	9	10	8	11	13	15	5	14	12	16	17	18	20	21	25	19	22	23										
8/20/2007	1	2	4	3	7	5	8	10	9	11	13	15	6	14	12	16	17	18	20	22	25	19	21	23										
8/27/2007	1	2	4	3	7	5	8	10	9	11	13	15	6	14	12	16	17	18	20	22	24	19	21	25										
9/3/2007	1	2	4	3	7	5	8	10	9	11	13	15	6	14	12	16	17	18	20	22	24	19	21	25										
9/10/2007	1	2	3	5	7	6	8	10	9	11	12	15	4	14	13	16	17	18	20	22	24	19	21	25										
9/17/2007	1	2	3	5	7	6	8	10	9	13	11	12	4	17	14	15	16	18	20	22	24	19	21	25										
9/24/2007	1	2	3	4	7	6	8	10	9	13	11	12	5	17	14	15	16	18	20	22	24	19	21	25										
10/1/2007	1	2	3	5	6	7	10	8	11	12	9	13	4	18	15	14	16	17	20	22	25	19	21	24										
10/8/2007	1	5	3	2	6	7	10	8	11	12	9	13	4	18	15	14	16	17	20	22	25	19	21	24										
10/15/2007	1	5	2	4	3	7	10	8	11	12	9	13	6	18	15	14	16	17	20	22	25	19	21	24										
10/22/2007	2	5	1	6	4	7	10	8	11	12	9	13	3	18	15	14	16	17	20	22	25	19	21	24										
10/29/2007	2	5	1	6	4	7	10	8	11	12	9	13	3	18	15	14	16	17	20	22	25	19	21	24										
11/5/2007	2	5	1	6	4	7	10	8	11	12	9	13	3	19	14	17	15	18	20	22	25	16	21	24										
11/12/2007	2	5	1	6	4	7	10	8	11	12	9	13	3	19	14	17	15	18	20	22	25	16	21	24										
11/19/2007	2	5	1	6	4	7	10	8	11	12	9	13	3	19	14	17	15	18	20	22	25	16	21	24										
11/26/2007	2	5	1	6	4	7	10	8	11	12	9	13	3	19	14	17	15	18	20	22	25	16	21	24										
12/3/2007	2	5	1	6	4	7	10	8	11	12	9	13	3	19	14	15	16	18	20	22	25	17	21	24										
12/10/2007	2	5	1	6	4	7	10	8	11	12	9	13	3	19	14	15	16	18	20	22	25	17	21	24										
12/17/2007	2	5	1	6	4	7	10	8	11	12	9	13	3	19	14	15	16	18	20	22	25	17	21	24										
12/24/2007	2	5	1	6	4	7	10	8	11	12	9	13	3	19	14	15	16	18	20	22	25	17	21	24										
12/31/2007	2	5	1	6	4	7	10	8	11	12	9	13	3	19	14	15	16	18	20	22	25	17	21	24										
1/7/2008	2	5	1	6	4	7	10	8	11	12	9	13	3	19	14	15	16	18	20	22	25	17	21	24										
1/14/2008	2	5	1	6	4	7	10	8	11	12	9	13	3	19	14	15	16	18	20	22	25	17	21	24										
1/21/2008	2	5	1	6	4	7	10	8	11	12	9	13	3	19	14	15	16	18	20	22	25	17	21	24										
1/28/2008	2	5	1	6	4	7	10	8	11	12	9	13	3	19	14	15	16	18	20	22	25	17	21	24										
2/4/2008	2	4	1	6	5	7	8	10	11	12	9	13	3	19	14	15	16	18	20	22	25	17	21	24										
2/11/2008	2	4	1	6	5	7	8	10	11	12	9	13	3	19	15	16	14	18	20	22	25	17	21	24										
2/18/2008	2	4	1	6	5	7	8	10	11	12	9	13	3	19	15	16	14	18	20	22	25	17	21	24										
2/25/2008	2	5	1	6	4	7	8	10	11	12	9	13	3	19	15	16	14	18	20	22	25	17	21	24										
3/3/2008	2	5	1	6	4	7	8	10	11	12	9	13	3	19	15	16	14	18	20	22	25	17	21	24										
3/10/2008	2	4	1	6	5	8	7	9	11	12	10	13	3	19	15	16	14	18	20	22	25	17	21	24										
3/17/2008	2	4	1	7	5	8	6	10	11	12	9	13	3	19	15	17	14	18	20	22	25	16	21	24										
3/24/2008	2	4	1	7	5	8	6	10	11	12	9	13	3	19	15	17	14	18	20	22	25	16	21	24										
3/31/2008	2	4	1	7	5	8	6	10	11	12	9	13	3	19	15	17	14	18	20	22	25	16	21	24										
4/7/2008	2	4	1	7	5	8	6	10	11	12	9	13	3	19	15	17	14	18	20	22	25	16	21	24										
4/14/2008	2	4	1	7	5	8	6	10	11	12	9	13	3	19	15	16	14	18	20	22	25	17	21	24										
4/21/2008	2	4	1	7	5	8	6	10	11	12	9	13	3	19	15	16	14	18	20	22	25	17	21	24										
4/28/2008	2	4	1	7	5	8	6	10	11	12	9	13	3	19	15	17	14	16	20	22	26	18	21	24										
5/5/2008	2	4	1	7	5	8	6	10	11	12	9	13	3	19	15	17	14	16	20	22	26	18	21	24										
5/12/2008	2	4	1	7	5	8	6	10	11	12	9	13	3	19	15	17	14	16	20	22	26	18	21	24										
5/19/2008	2	4	1	7	5	8	6	10	11	12	9	13	3	19	15	17	14	16	20	22	26	18	21	24										
5/26/2008	2	4	1	7	5	8	6	10	11	12	9	13	3	19	15	17	14	16	20	23	26	18	21	24										
6/2/2008	2	4	1	7	5	8	6	10	11	12	9	13	3	19	15	17	14	16	20	23	26	18	21	24										
6/9/2008	2	4	1	7	5	8	6	10	11	13	9	12	3	19	15	17	14	16	20	23	26	18	21	24										
6/16/2008	2	4	1	7	5	8	6	9	11	12	10	13	3	19	16	17	14	15	20	23	26	18	21	24										
6/23/2008	2	4	1	7	5	8	6	9	11	12	10	13	3	20	15	17	14	16	19	23	26	18	21	24										
6/30/2008	2	3	1	7	5	8	6	9	11	12	10	15	4	20	14	17	13	16	19	23	26	18	21	24										
7/7/2008	1	3	2	7	5	8	6	9	10	12	11	13	4	20	15	17	14	16	19	23	26	18	21	24										
7/14/2008	2	3	1	7	5	8	6	9	10	12	11	13	4	20	15	17	14	16	19	23	26	18	21	24										
7/21/2008	2	3	1	7	5	8	6	9	10	12	11	13	4	20	15	17	14	16	19	23	26	18	21	24										
7/28/2008	2	3	1	7	5	8	6	9	10	12	11	13	4	20	15	17	14	16	19	23	26	18	21	24										
8/4/2008	2	3	1	7	5	8	6	9	10	12	11	13	4	20	15	17	14	16	19	23	26	18	21	24										
8/11/2008	2	3	1	7	5	8	6	9	10	12	11	13	4	20	15	17	14	16	19	23	26	18	21	24										
8/18/2008	1	3	2	7	5	8	6	9	10	12	11	13	4	20	15	17	14	16	19	23	26	18	21	24										
8/25/2008	1	2	3	7	5	8	6	9	10	12	11	13	4	20	15	17	14	16	19	23	26	18	21	24										
9/1/2008	1	3	2	7	5	8	6	9	10	12	11	13	4	20	15	17	14	16	19	23	26	18	21	24										
9/8/2008	1	3	2	7	5	8	6	9	10	12	11	13	4	20	15	17	14	16	19	23	26	18	21	24										
9/15/2008	1	3	2	7	5	8	6	9	10	12	11	13	4	20	15	17	14	16	19	23	26	18	21	24										
9/22/2008	1	3	2	7	5	8	6	9	10	12	11	13	4	20	15	17	14	16	19	23	26	18	21	24										
9/29/2008	1	3	2	7	5	8	6	9	10	12	11	13	4	20	15	17	14	16	19	23	26	18	21	24										
10/6/2008	1	3	2	7	5	8	6	9	10	12	11	13	4	20	15	17	14	16	19	23	26	18	21	24										
10/13/2008	1	3	2	7	5	8	6	9	10	12	11	13	4	20	15	17	14	16	19	23	26	18	21	24										
10/20/2008	1	3	2	7	5	8	6	9	10	12	11	13	4	20	15	17	14	16	19	23	26	18	21	24										
10/27/2008	1	3	2	7	5	8	6	9	10	12	11	13	4	20	15	17	14	16	19	23	26	18	21	24										
11/3/2008	1	3	2	7	5	8	6	9	10	12	11	13	4	20	15	17	14	16	19	23	26	18	21	24										
11/10/2008	1	3	2	6	4	8	7	9	11	12	10	13	5	19	15	17	14	16	20	23	26	18	21	24										
11/17/2008	1	3	2	6	5	8	7	9	11	12	10	13	4	19	15	17	14	16	20	23	25	18	21	24										
11/24/2008	1	3	2	7	5	8	6	9	11	12	10	13	4	19	15	17	14	16	20	23	25	18	21	24										
12/1/2008	1	3	2	7	6	8	5	9	11	12	10	13	4	19	15	17	14	16	20	23	25	18	21	24										
12/8/2008	1	3	2	7	6	8	5	9	11	12	10	13	4	19	15	17	14	16	20	23	25	18	21	24										
12/15/2008	1	3	2	7	6	8	5	9	11	12	10	13	4	19	15	17	14	16	20	23	25	18	21	24										
12/22/2008	1	3	2	7	6	8	5	9	11	12	10	13	4	19	15	17	14	16	20	23	25	18	21	24										
12/29/2008	1	3	2	7	6	8	5	9	11	12	10	13	4	19	15	17	14	16	20	23	25	18	21	24										
1/5/2009	1	3	2	7	6	8	5	9	11	12	10	13	4	19	15	17	14	16	20	23	25	18	21	24										
1/12/2009	1	3	2	7	6	8	5	9	11	12	10	13	4	19	15	17	14	16	20	23	25	18	21	24										
1/19/2009	1	3	2	7	6	8	5	9	11	12	10	13	4	19	15	17	14	16	20	23	25	18	21	24										
1/26/2009	1	3	2	7	6	8	5	9	11	12	10	13	4	19	15	17	14	16	20	23	25	18	21	24										
2/2/2009	1	3	2	7	6	8	5	9	11	12	10	13	4	19	15	17	14	16	20	23	25	18	21	24										
2/9/2009	1	3	2	8	6	7	4	9	11	12	10	13	5	19	15	17	14	16	20	23	25	18	21	24										
2/16/2009	1	3	2	8	7	6	4	9	11	12	10	13	5	19	14	16	15	17	20	23	25	18	21	24										
2/23/2009	1	3	2	8	7	6	4	9	11	12	10	13	5	19	14	16	15	17	20	22	25	18	21	24										
3/2/2009	1	3	2	7	8	6	5	9	12	11	10	13	4	19	15	18	14	16	20	22	25	17	21	24										
3/9/2009	1	3	2	7	8	6	5	9	12	11	10	13	4	19	15	18	14	16	20	22	25	17	21	24										
3/16/2009	1	3	2	8	7	4	5	9	12	11	10	13	6	19	15	18	14	16	20	21	25	17	22	24										
3/23/2009	1	3	2	8	6	4	7	10	12	11	9	14	5	19	15	18	13	16	20	21	25	17	22	24										
3/30/2009	1	3	2	8	6	4	7	10	12	11	9	14	5	19	15	18	13	16	20	21	25	17	22	24										
4/6/2009	1	3	2	8	6	4	7	10	12	11	9	14	5	19	15	18	13	16	20	21	25	17	22	24										
4/13/2009	1	3	2	8	6	4	7	10	12	11	9	14	5	19	15	18	13	16	20	21	25	17	22	24										
4/20/2009	1	3	2	8	6	4	7	10	12	11	9	14	5	19	15	18	13	16	20	21	25	17	22	24										
4/27/2009	1	3	2	8	6	4	7	10	12	11	9	14	5	19	15	18	13	16	20	21	25	17	22	24										
5/4/2009	1	3	2	8	6	4	7	10	12	11	9	14	5	19	15	18	13	16	20	21	25	17	22	23										
5/11/2009	1	3	2	8	6	4	7	10	12	11	9	14	5	19	15	18	13	16	20	21	25	17	22	23										
5/18/2009	1	3	2	8	6	4	7	10	12	11	9	14	5	19	15	18	13	16	20	21	25	17	22	23										
5/25/2009	1	3	2	8	6	4	7	10	12	11	9	14	5	19	15	18	13	16	20	21	25	17	22	23										
6/1/2009	1	3	2	8	6	4	7	10	12	11	9	14	5	19	15	18	13	16	20	21	25	17	22	23										
6/8/2009	1	3	2	8	5	4	6	10	12	11	9	14	7	19	13	18	15	16	20	21	25	17	22	23										
6/15/2009	1	3	2	5	7	4	8	10	12	11	9	14	6	19	13	18	15	16	20	21	25	17	22	23										
6/22/2009	1	3	2	5	7	4	8	10	12	11	9	14	6	18	13	19	17	15	21	20	25	16	22	23										
6/29/2009	1	3	2	5	7	4	8	10	12	11	9	15	6	18	13	19	17	14	21	20	25	16	22	23										
7/6/2009	1	3	2	5	7	4	8	10	12	11	9	15	6	18	13	19	17	14	21	20	25	16	22	23										
7/13/2009	1	3	2	5	7	4	8	10	12	11	9	15	6	18	13	19	17	14	21	20	25	16	22	23										
7/20/2009	1	3	2	5	7	4	8	10	12	11	9	15	6	18	13	19	17	14	21	20	25	16	22	23										
7/27/2009	2	3	1	5	7	4	8	10	12	11	9	15	6	18	13	19	17	14	21	20	25	16	22	23										
8/3/2009	2	3	1	5	7	4	8	10	12	11	9	15	6	18	13	19	17	14	21	20	25	16	22	23										
8/10/2009	2	3	1	5	7	4	8	10	12	11	9	15	6	18	13	19	17	14	21	20	25	16	22	23										
8/17/2009	2	3	1	5	7	4	8	10	12	11	9	15	6	18	13	19	17	14	21	20	25	16	22	23										
8/24/2009	2	3	1	5	7	4	8	10	12	11	9	15	6	18	13	19	17	14	21	20	25	16	22	23										
8/31/2009	2	3	1	5	7	4	8	10	12	11	9	15	6	18	13	19	17	14	21	20	25	16	22	23										
9/7/2009	2	3	1	5	7	4	8	10	12	11	9	15	6	18	13	19	17	14	21	20	25	16	22	23										
9/14/2009	2	3	1	5	7	4	8	10	12	11	9	15	6	18	13	19	17	14	21	20	25	16	22	23										
9/21/2009	2	3	1	5	7	4	8	10	12	11	9	15	6	18	13	19	17	14	21	20	25	16	22	23										
9/28/2009	2	3	1	5	7	4	8	10	12	11	9	15	6	18	13	19	17	14	21	20	25	16	22	23										
10/5/2009	2	3	1	5	7	4	8	10	12	11	9	15	6	18	13	19	17	14	21	20	25	16	22	23										
10/12/2009	2	3	1	5	7	4	8	10	12	11	9	15	6	18	13	19	17	14	21	20	25	16	22	23										
10/19/2009	2	3	1	5	7	4	8	10	12	11	9	15	6	18	13	19	17	14	21	20	25	16	22	23										
10/26/2009	2	3	1	5	7	4	8	10	12	11	9	15	6	18	13	19	17	14	21	20	25	16	22	23										
11/2/2009	2	3	1	5	7	4	8	10	12	11	9	15	6	18	13	19	17	14	21	20	25	16	22	23										
11/9/2009	2	3	1	5	8	4	7	10	12	11	9	15	6	18	13	19	17	14	20	21	23	16	22	24										
11/16/2009	1	3	2	5	6	4	8	9	12	11	10	15	7	17	14	19	18	13	20	21	22	16	23	24										
11/23/2009	1	3	2	5	7	4	6	9	12	11	10	15	8	17	14	19	18	13	20	21	22	16	23	24										
11/30/2009	1	3	2	5	6	4	8	9	11	12	10	15	7	16	14	19	17	13	20	21	22	18	23	24										
12/7/2009	1	3	2	5	6	4	8	9	11	12	10	15	7	16	14	19	17	13	20	21	22	18	23	24										
12/14/2009	1	3	2	5	6	4	8	9	11	12	10	15	7	16	14	19	17	13	20	21	22	18	23	24										
12/21/2009	1	3	2	5	6	4	8	9	11	12	10	15	7	16	14	19	17	13	20	21	22	18	23	24										
12/28/2009	1	3	2	5	6	4	8	9	11	12	10	15	7	16	14	19	17	13	20	21	22	18	23	24										
1/4/2010	1	3	2	5	6	4	8	9	11	12	10	15	7	16	14	19	17	13	20	21	22	18	23	24										
1/11/2010	1	3	2	5	6	4	8	9	11	12	10	15	7	16	14	19	17	13	20	21	22	18	23	24										
1/18/2010	1	3	2	5	6	4	8	9	11	12	10	15	7	16	14	19	17	13	20	21	22	18	23	24										
1/25/2010	1	3	2	5	6	4	8	9	11	12	10	15	7	16	14	19	18	13	20	21	23	17	22	24										
2/1/2010	1	3	2	5	6	4	8	9	11	12	10	15	7	16	14	19	18	13	20	21	23	17	22	24										
2/8/2010	1	3	2	5	6	4	8	10	11	12	9	15	7	16	14	19	18	13	20	21	23	17	22	24										
2/15/2010	1	3	2	4	6	5	8	10	11	12	9	15	7	18	14	19	17	13	20	21	22	16	23	24										
2/22/2010	1	3	2	4	6	5	8	10	11	12	9	15	7	18	14	19	17	13	20	21	22	16	23	24										
3/1/2010	1	3	2	4	6	5	8	10	11	12	9	15	7	17	14	19	16	13	20	21	22	18	23	24										
3/8/2010	1	3	2	4	6	5	8	10	11	12	9	15	7	17	14	19	16	13	20	21	22	18	23	24										
3/15/2010	1	3	2	4	7	5	8	10	11	12	9	15	6	16	14	19	18	13	21	20	22	17	25	23										
3/22/2010	1	3	2	4	7	5	8	9	11	12	10	15	6	17	14	18	16	13	21	20	22	19	25	23										
3/29/2010	1	3	2	4	7	5	8	9	11	12	10	15	6	17	14	18	16	13	21	20	22	19	25	23										
4/5/2010	1	3	2	4	7	5	8	9	11	12	10	15	6	17	14	18	16	13	21	20	22	19	25	23										
4/12/2010	1	3	2	4	7	5	8	9	11	12	10	15	6	17	14	18	16	13	21	20	22	19	25	23										
4/19/2010	1	3	2	4	7	5	8	9	11	12	10	15	6	17	14	18	16	13	21	20	22	19	25	23										
4/26/2010	1	3	2	4	7	5	8	9	11	12	10	15	6	17	14	18	16	13	21	20	22	19	24	23										
5/3/2010	1	3	2	4	7	5	8	9	11	12	10	15	6	17	14	18	16	13	21	20	22	19	24	23										
5/10/2010	1	3	2	4	7	5	8	9	11	12	10	15	6	17	14	18	16	13	21	20	22	19	24	23										
5/17/2010	1	3	2	4	7	5	8	9	11	12	10	15	6	17	14	18	16	13	20	21	22	19	24	23										
5/24/2010	1	3	2	4	7	5	8	9	11	12	10	15	6	18	14	17	16	13	20	21	22	19	23	24										
5/31/2010	1	3	2	4	7	5	8	9	11	12	10	15	6	18	14	17	16	13	20	21	22	19	23	24										
6/7/2010	1	3	2	4	7	5	8	9	11	12	10	15	6	17	14	18	16	13	20	21	22	19	23	24										
6/14/2010	1	3	2	4	6	5	8	9	11	12	10	17	7	16	14	18	15	13	20	21	22	19	23	24										
6/21/2010	1	4	2	3	6	5	8	7	11	13	10	16	9	15	14	19	17	12	22	21	20	18	23	24										
6/28/2010	1	3	2	4	6	5	9	7	11	12	10	16	8	15	14	19	17	13	22	21	20	18	23	24										
7/5/2010	1	3	2	4	6	5	9	7	11	12	10	16	8	15	14	19	17	13	22	21	20	18	23	24										
7/12/2010	1	3	2	4	6	5	9	7	11	12	10	16	8	15	14	19	17	13	22	21	20	18	23	24										
7/19/2010	1	3	2	4	6	5	9	7	11	12	10	16	8	15	14	19	17	13	21	22	20	18	23	24										
7/26/2010	1	3	2	4	6	5	9	7	11	12	10	16	8	15	14	19	17	13	21	22	20	18	23	24										
8/2/2010	1	3	2	4	6	5	9	7	11	12	10	16	8	15	14	19	17	13	21	22	20	18	23	24										
8/9/2010	1	3	2	4	6	5	9	7	11	12	10	16	8	15	14	19	17	13	21	22	20	18	23	24										
8/16/2010	1	3	2	4	6	5	9	7	11	12	10	16	8	15	14	19	17	13	21	22	20	18	23	24										
8/23/2010	1	3	2	4	6	5	9	7	11	12	10	16	8	15	14	19	17	13	21	22	20	18	23	24										
8/30/2010	1	3	2	4	6	5	9	7	11	12	10	16	8	15	14	19	17	13	21	22	20	18	23	24										
9/6/2010	1	2	3	4	6	5	9	7	11	12	10	16	8	15	14	19	17	13	21	22	20	18	23	24										
9/13/2010	1	2	3	4	6	5	9	7	11	12	10	16	8	15	14	19	17	13	21	22	20	18	23	24										
9/20/2010	1	2	3	4	6	5	9	7	11	12	10	16	8	15	14	19	17	13	21	22	20	18	23	24										
9/27/2010	1	2	3	4	6	5	9	7	11	12	10	16	8	15	14	19	17	13	21	22	20	18	23	24										
10/4/2010	1	2	3	4	6	5	9	7	11	12	10	16	8	15	14	19	17	13	21	22	20	18	23	24										
10/11/2010	1	2	3	4	6	5	9	7	11	12	10	16	8	15	14	19	17	13	21	22	20	18	23	24										
10/18/2010	1	2	3	4	6	5	9	7	11	12	10	16	8	15	14	19	17	13	21	22	20	18	23	24										
10/25/2010	1	2	3	4	6	5	9	7	11	12	10	16	8	15	14	19	17	13	21	22	20	18	23	24										
11/1/2010	1	2	3	4	6	5	9	7	12	11	10	16	8	15	14	19	17	13	21	22	20	18	23	24										
11/8/2010	1	2	3	4	5	6	9	7	12	11	10	16	8	15	14	19	17	13	21	22	20	18	23	24										
11/15/2010	1	3	2	5	4	6	9	8	12	11	10	16	7	15	14	19	17	13	21	22	20	18	23	24										
11/22/2010	1	2	3	5	4	7	9	6	12	11	10	17	8	15	14	19	16	13	22	21	20	18	23	24										
11/29/2010	1	2	3	6	4	5	9	7	12	11	10	17	8	16	14	19	15	13	20	21	22	18	23	24										
12/6/2010	1	2	3	6	4	5	9	7	12	11	10	17	8	16	14	19	15	13	20	21	22	18	23	24										
12/13/2010	1	2	3	6	4	5	9	7	12	11	10	17	8	16	14	19	15	13	20	21	22	18	23	24										
12/20/2010	1	2	3	6	4	5	9	7	12	11	10	17	8	16	14	19	15	13	20	21	22	18	23	24										
12/27/2010	1	2	3	6	4	5	9	7	12	11	10	17	8	16	14	19	15	13	20	21	22	18	23	24										
1/3/2011	1	2	3	6	4	5	9	7	12	11	10	17	8	16	14	19	15	13	20	21	22	18	23	24										
1/10/2011	1	2	3	6	4	5	9	7	12	11	10	17	8	16	14	19	15	13	20	21	22	18	23	24										
1/17/2011	1	2	3	6	4	5	9	7	12	11	10	17	8	16	14	19	15	13	20	21	22	18	23	24										
1/24/2011	1	2	3	6	4	5	9	7	12	11	10	17	8	16	14	19	15	13	20	21	22	18	23	24										
1/31/2011	1	2	3	6	4	5	9	7	12	11	10	17	8	16	14	19	15	13	20	21	22	18	23	24										
2/7/2011	1	2	3	5	4	6	9	7	12	11	10	17	8	16	14	19	15	13	21	20	22	18	23	24										
2/14/2011	1	2	3	4	5	6	8	9	12	11	10	17	7	16	14	19	15	13	21	20	22	18	23	25										
2/21/2011	1	2	3	4	5	6	8	9	12	11	10	17	7	16	14	19	15	13	21	20	22	18	23	25										
2/28/2011	1	2	3	5	4	6	7	9	12	11	10	17	8	16	14	18	15	13	21	20	22	19	23	25										
3/7/2011	1	2	3	5	4	6	7	9	12	11	10	17	8	16	14	18	15	13	21	20	22	19	23	25										
3/14/2011	1	2	3	5	4	6	7	9	12	11	10	17	8	16	15	18	14	13	21	20	22	19	23	24										
3/21/2011	1	2	3	6	5	4	7	9	12	11	10	17	8	16	15	18	14	13	21	20	22	19	23	24										
3/28/2011	1	2	3	6	5	4	7	9	12	11	10	17	8	16	15	18	14	13	21	20	22	19	23	24										
4/4/2011	1	2	3	6	5	4	7	9	12	11	10	17	8	16	15	18	14	13	21	20	22	19	23	24										
4/11/2011	1	2	3	6	5	4	7	9	12	11	10	17	8	16	15	18	14	13	21	20	22	19	23	24										
4/18/2011	1	2	3	6	5	4	7	9	12	11	10	17	8	16	15	18	14	13	21	20	22	19	23	24										
4/25/2011	1	2	3	6	5	4	7	9	12	11	10	17	8	16	15	18	14	13	21	20	22	19	23	24										
5/2/2011	1	2	3	6	5	4	7	9	12	11	10	17	8	16	15	18	14	13	21	20	22	19	23	24										
5/9/2011	1	2	3	6	5	4	7	9	12	11	10	17	8	16	15	18	14	13	21	20	22	19	23	24										
5/16/2011	1	2	3	6	5	4	7	9	12	11	10	17	8	16	15	18	14	13	21	20	22	19	23	24										
5/23/2011	1	2	3	6	5	4	7	9	12	11	10	17	8	16	15	18	14	13	22	20	21	19	24	23										
5/30/2011	1	2	3	6	5	4	7	9	12	11	10	17	8	16	15	18	14	13	22	20	21	19	24	23										
6/6/2011	1	2	3	6	5	4	7	9	12	11	10	17	8	16	15	18	14	13	22	20	21	19	24	23										
6/13/2011	1	2	3	6	5	4	7	9	12	11	10	16	8	17	15	18	14	13	22	20	21	19	24	23										
6/20/2011	1	2	3	6	5	4	7	9	12	11	10	16	8	17	15	18	14	13	22	21	20	19	24	23										
6/27/2011	1	2	3	6	5	4	7	9	12	11	10	16	8	17	15	18	14	13	22	21	20	19	24	23										
7/4/2011	1	2	3	6	5	4	7	9	11	10	13	12	8	17	16	18	14	15	22	21	20	19	24	23										
7/11/2011	1	2	3	6	5	4	7	9	11	10	12	14	8	17	16	18	15	13	22	21	20	19	24	23										
7/18/2011	1	3	2	6	5	4	7	9	11	10	14	13	8	17	16	18	15	12	22	21	20	19	24	23										
7/25/2011	1	2	3	6	5	4	7	9	11	10	14	13	8	17	16	18	15	12	22	21	20	19	24	23										
8/1/2011	1	2	3	6	5	4	7	9	11	10	14	13	8	17	16	18	15	12	22	21	20	19	24	23										
8/8/2011	1	2	3	5	4	6	7	9	11	10	14	13	8	17	16	18	15	12	22	21	20	19	24	23										
8/15/2011	1	2	3	4	5	6	7	9	11	10	12	15	8	18	14	17	16	13	22	21	20	19	24	23										
8/22/2011	1	2	3	4	5	7	6	8	11	10	15	12	9	18	14	17	16	13	22	21	20	19	24	23										
8/29/2011	1	2	3	4	5	8	6	7	11	10	15	12	9	18	14	17	16	13	22	21	20	19	24	23										
9/5/2011	1	2	3	4	5	8	6	7	11	10	15	12	9	18	14	17	16	13	22	21	20	19	24	23										
9/12/2011	1	2	3	5	4	8	6	7	11	10	15	12	9	18	14	17	16	13	22	21	20	19	24	23										
9/19/2011	1	3	2	5	4	6	7	8	10	12	14	15	9	17	11	18	16	13	22	20	19	21	24	23										
9/26/2011	1	3	2	5	4	6	7	9	11	10	16	13	8	17	12	18	14	15	22	20	19	21	24	23										
10/3/2011	1	3	2	8	4	5	6	10	12	11	16	9	7	17	13	18	14	15	22	20	19	21	24	23										
10/10/2011	1	2	3	5	6	7	4	10	12	11	16	9	8	17	13	18	14	15	22	20	19	21	24	23										
10/17/2011	1	2	4	3	5	7	6	10	12	11	16	9	8	17	13	18	14	15	22	20	19	21	24	23										
10/24/2011	1	2	4	3	5	6	8	10	12	11	16	9	7	17	13	18	14	15	22	20	19	21	24	23										
10/31/2011	1	2	4	3	5	6	8	10	12	11	16	9	7	17	13	18	14	15	22	20	19	21	24	23										
11/7/2011	1	2	4	3	5	6	8	10	12	11	16	9	7	17	13	18	14	15	22	20	19	21	24	23										
11/14/2011	1	2	4	3	5	6	8	10	12	11	16	9	7	17	13	18	14	15	19	24	20	21	23	22										
11/21/2011	1	2	4	3	5	6	8	10	12	11	16	9	7	17	13	18	14	15	21	24	19	20	22	23										
11/28/2011	1	2	4	3	5	6	8	10	12	11	16	9	7	17	13	18	14	15	21	24	19	20	22	23										
12/5/2011	1	2	4	3	5	6	8	10	12	11	16	9	7	17	13	18	14	15	21	24	19	20	22	23										
12/12/2011	1	2	4	3	5	6	8	10	12	11	16	9	7	17	13	18	14	15	21	24	19	20	22	23										
12/19/2011	1	2	4	3	5	6	8	10	12	11	16	9	7	17	13	18	14	15	21	24	19	20	22	23										
12/26/2011	1	2	4	3	5	6	8	10	12	11	16	9	7	17	13	18	14	15	21	24	19	20	22	23										
1/2/2012	1	2	4	3	5	6	8	10	12	11	16	9	7	17	13	18	14	15	21	24	19	20	22	23										
1/9/2012	1	2	4	3	5	6	8	10	12	11	16	9	7	17	13	18	14	15	21	24	19	20	22	23										
1/16/2012	1	2	4	3	5	6	8	10	12	11	16	9	7	17	13	18	14	15	21	24	19	20	22	23										
1/23/2012	1	2	4	3	5	6	8	10	12	11	16	9	7	17	13	18	14	15	21	24	19	20	22	23										
1/30/2012	1	2	4	3	5	6	8	10	12	11	16	9	7	17	13	18	14	15	21	24	19	20	22	23										
2/6/2012	1	2	4	3	5	8	6	11	12	10	16	9	7	17	13	18	14	15	21	24	19	20	22	23										
2/13/2012	1	2	4	3	5	8	6	11	12	10	16	9	7	17	13	18	15	14	22	24	21	20	19	23										
2/20/2012	1	2	4	3	5	8	6	11	12	10	16	9	7	17	13	18	15	14	22	24	21	20	19	23										
2/27/2012	1	2	4	3	6	8	5	11	12	10	16	9	7	18	13	17	15	14	21	24	20	22	19	23										
3/5/2012	1	2	3	4	6	7	5	11	12	10	16	9	8	18	13	17	15	14	21	24	20	22	19	23										
3/12/2012	1	2	3	6	4	7	5	11	12	10	16	9	8	17	13	18	15	14	21	24	20	22	19	23										
3/19/2012	1	2	3	6	4	8	5	12	11	10	16	9	7	17	13	18	15	14	21	25	20	22	19	23										
3/26/2012	1	2	3	6	4	8	5	12	11	10	16	9	7	17	13	18	15	14	21	25	20	22	19	23										
4/2/2012	1	2	3	6	4	8	5	12	11	10	16	9	7	17	13	18	15	14	21	25	20	22	19	23										
4/9/2012	1	2	3	6	4	8	5	12	11	10	16	9	7	17	13	18	15	14	21	25	20	22	19	23										
4/16/2012	1	2	3	6	4	8	5	12	11	10	16	9	7	17	13	18	15	14	21	25	20	22	19	23										
4/23/2012	1	2	3	6	4	8	5	12	11	10	16	9	7	17	13	18	15	14	21	25	20	22	19	23										
4/30/2012	1	2	3	6	4	8	5	12	11	10	16	9	7	17	13	18	15	14	21	25	20	22	19	23										
5/7/2012	1	2	3	6	4	8	5	12	11	10	16	9	7	17	13	18	15	14	21	25	20	22	19	23										
5/14/2012	1	2	3	6	4	8	5	12	11	10	16	9	7	17	13	18	15	14	21	25	20	22	19	23										
5/21/2012	1	2	3	6	4	8	5	12	11	10	16	9	7	17	13	18	15	14	22	25	20	21	19	23										
5/28/2012	1	2	3	6	4	8	5	12	11	10	16	9	7	17	13	18	15	14	19	25	21	22	20	24										
6/4/2012	1	2	3	6	4	8	5	12	11	10	16	9	7	17	13	18	15	14	19	25	21	22	20	24										
6/11/2012	1	2	3	6	4	8	5	11	12	9	15	10	7	17	13	18	14	16	22	25	20	21	19	24										
6/18/2012	1	2	3	7	5	8	4	10	12	9	14	11	6	17	13	18	15	16	22	26	21	19	20	24										
6/25/2012	1	2	3	5	4	7	6	9	11	10	14	12	8	17	13	18	15	16	22	26	21	19	20	24										
7/2/2012	1	2	3	5	4	7	6	9	11	10	14	12	8	17	13	18	15	16	22	26	21	19	20	24										
7/9/2012	1	2	3	5	4	7	6	9	11	10	14	12	8	17	13	18	15	16	21	26	22	19	20	24										
7/16/2012	1	2	3	5	4	7	6	9	11	10	14	12	8	17	13	18	15	16	21	26	22	19	20	24										
7/23/2012	1	2	3	5	4	7	6	9	11	10	14	12	8	17	13	18	15	16	21	26	22	19	20	24										
7/30/2012	1	2	3	5	4	7	6	9	11	10	14	12	8	17	13	18	15	16	21	26	22	19	20	24										
8/6/2012	1	2	3	5	4	7	6	9	11	10	14	12	8	17	13	18	15	16	21	26	22	19	20	24										
8/13/2012	1	2	3	5	4	7	6	9	11	10	14	12	8	17	13	18	15	16	21	26	22	19	20	24										
8/20/2012	1	2	3	5	4	7	6	9	11	10	14	12	8	17	13	18	15	16	21	26	22	19	20	24										
8/27/2012	1	2	3	5	4	7	6	9	11	10	14	12	8	17	13	18	15	16	21	26	22	19	20	24										
9/3/2012	1	2	3	5	4	7	6	9	11	10	14	12	8	17	13	18	15	16	21	26	22	19	20	24										
9/10/2012	1	2	3	5	4	7	6	9	11	10	14	12	8	17	13	18	15	16	21	26	22	19	20	24										
9/17/2012	1	2	3	5	4	7	6	9	11	10	14	12	8	17	13	18	15	16	21	26	22	19	20	24										
9/24/2012	1	2	3	5	4	7	6	9	11	10	14	12	8	17	13	18	15	16	21	26	22	19	20	24										
10/1/2012	1	3	2	5	4	7	6	9	11	10	14	12	8	17	13	18	15	16	21	26	22	19	20	24										
10/8/2012	1	2	3	5	4	7	6	9	11	10	14	12	8	17	13	18	15	16	21	26	22	19	20	24										
10/15/2012	1	2	3	5	4	7	6	9	11	10	14	12	8	17	13	18	15	16	21	26	22	19	20	24										
10/22/2012	1	2	3	5	4	7	6	9	11	10	14	12	8	17	13	18	15	16	21	26	22	19	20	24										
10/29/2012	1	2	3	5	4	7	6	9	11	10	14	12	8	17	13	18	15	16	21	26	22	19	20	24										
11/5/2012	1	2	3	5	4	7	6	9	11	10	14	12	8	17	13	18	15	16	21	27	22	19	20	24										
11/12/2012	1	3	2	4	5	8	6	9	11	10	14	12	7	17	13	18	16	15	22	24	21	20	19	25										
11/19/2012	1	3	2	4	5	7	8	10	11	9	14	12	6	16	13	18	17	15	22	21	24	20	19	25										
11/26/2012	1	3	2	4	5	6	7	12	10	8	13	11	9	16	14	19	17	15	22	21	24	20	18	25										
12/3/2012	1	3	2	4	5	6	9	12	10	7	13	11	8	16	14	19	17	15	22	21	24	20	18	25										
12/10/2012	1	3	2	4	5	6	9	12	10	7	13	11	8	16	14	19	17	15	22	21	24	20	18	25										
12/17/2012	1	3	2	4	5	6	9	12	10	7	13	11	8	16	14	19	17	15	23	22	24	20	18	25										
12/24/2012	1	3	2	4	5	6	9	12	10	7	13	11	8	16	14	19	17	15	23	22	24	20	18	25										
12/31/2012	1	3	2	4	5	6	9	12	10	7	13	11	8	16	14	19	17	15	23	22	24	20	18	25										
1/7/2013	1	3	2	4	5	6	9	12	10	7	13	11	8	16	14	19	17	15	23	22	24	20	18	25										
1/14/2013	1	3	2	4	5	6	9	12	10	7	13	11	8	16	14	19	17	15	23	22	24	20	18	25										
1/21/2013	1	3	2	4	5	6	9	12	10	7	13	11	8	16	14	19	17	15	23	22	24	20	18	25										
1/28/2013	1	3	2	4	5	6	9	12	10	7	13	11	8	16	14	19	17	15	23	22	24	20	18	25										
2/4/2013	1	3	2	5	4	6	10	12	9	7	13	11	8	16	14	18	17	15	22	23	24	19	20	25										
2/11/2013	1	3	2	5	4	6	7	10	11	8	13	12	9	16	14	18	17	15	22	23	24	20	19	25										
2/18/2013	1	3	2	5	4	6	7	10	11	8	13	12	9	16	14	18	17	15	22	23	24	20	19	25										
2/25/2013	1	3	2	5	4	7	6	10	12	8	13	11	9	16	14	18	17	15	22	21	24	20	19	25										
3/4/2013	1	3	2	5	4	7	6	10	12	8	13	11	9	16	14	18	17	15	22	21	24	20	19	25										
3/11/2013	1	3	2	6	4	7	5	10	12	8	13	11	9	16	14	18	17	15	21	23	22	19	20	25										
3/18/2013	1	3	2	6	4	9	5	10	12	7	13	11	8	16	14	18	17	15	21	22	23	19	20	25										
3/25/2013	1	3	2	6	4	9	5	10	12	7	13	11	8	16	14	18	17	15	21	22	23	19	20	25										
4/1/2013	1	3	2	6	4	9	5	10	12	7	13	11	8	16	14	18	17	15	21	22	23	19	20	26										
4/8/2013	1	3	2	6	4	9	5	10	12	7	13	11	8	16	14	18	17	15	21	22	23	19	20	26										
4/15/2013	1	3	2	6	4	9	5	10	12	7	13	11	8	16	14	18	17	15	21	22	23	19	20	25										
4/22/2013	1	3	2	6	4	9	5	10	12	7	13	11	8	16	14	18	17	15	21	22	23	19	20	25										
4/29/2013	1	3	2	6	4	9	5	10	12	7	13	11	8	16	14	18	17	15	21	22	23	19	20	25										
5/6/2013	1	3	2	6	4	9	5	10	12	7	13	11	8	16	14	18	17	15	21	22	23	19	20	25										
5/13/2013	1	3	2	6	4	9	5	10	12	7	13	11	8	16	14	18	17	15	21	22	23	19	20	25										
5/20/2013	1	3	2	6	4	9	5	10	12	7	13	11	8	16	14	18	17	15	21	22	23	19	20	26										
5/27/2013	1	3	2	6	4	9	5	10	12	7	14	11	8	16	13	18	17	15	21	22	23	19	20	26										
6/3/2013	1	3	2	6	4	9	5	10	12	7	13	11	8	16	14	18	17	15	21	22	23	19	20	26										
6/10/2013	1	3	2	6	4	8	5	11	10	7	14	12	9	17	13	18	16	15	21	22	23	19	20	26										
6/17/2013	1	3	2	5	4	8	6	11	12	7	14	10	9	17	13	18	16	15	21	22	23	19	20	26										
6/24/2013	1	3	2	5	4	8	6	9	12	7	13	11	10	18	15	17	16	14	21	22	23	19	20	26										
7/1/2013	1	3	2	5	4	8	6	9	12	7	13	11	10	18	15	17	16	14	21	22	23	19	20	26										
7/8/2013	1	3	2	5	4	8	6	9	12	7	13	11	10	18	15	17	16	14	21	22	23	19	20	26										
7/15/2013	1	3	2	5	4	8	6	9	12	7	13	11	10	18	15	17	16	14	21	22	23	19	20	26										
7/22/2013	1	3	2	5	4	8	6	9	12	7	13	11	10	18	15	17	16	14	21	22	23	19	20	26										
7/29/2013	1	3	2	5	4	8	6	9	12	7	13	11	10	18	15	17	16	14	21	22	23	19	20	26										
8/5/2013	1	3	2	5	4	8	6	9	12	7	13	11	10	18	15	17	16	14	21	22	23	19	20	26										
8/12/2013	1	3	2	5	4	8	6	9	12	7	13	11	10	18	15	17	16	14	21	22	23	19	20	26										
8/19/2013	1	4	2	5	3	8	6	9	12	7	13	11	10	18	14	17	16	15	21	22	23	19	20	26										
8/26/2013	1	4	2	5	3	8	6	9	12	7	13	11	10	18	14	17	16	15	21	22	23	19	20	26										
9/2/2013	1	4	2	5	3	8	6	9	12	7	13	11	10	18	14	17	16	15	21	22	23	19	20	26										
9/9/2013	1	4	2	5	3	8	6	9	12	7	13	11	10	18	14	17	16	15	21	22	23	19	20	26										
9/16/2013	1	4	2	5	3	8	6	9	12	7	13	11	10	18	14	17	16	15	21	22	23	19	20	26										
9/23/2013	1	4	2	5	3	8	6	9	12	7	13	11	10	18	14	17	16	15	21	22	23	19	20	26										
9/30/2013	1	4	2	5	3	8	6	9	12	7	13	11	10	18	14	17	16	15	21	22	23	19	20	26										
10/7/2013	1	4	2	5	3	8	6	9	12	7	13	11	10	18	14	17	16	15	21	22	23	19	20	26										
10/14/2013	1	4	2	5	3	8	6	9	12	7	13	11	10	18	14	17	16	15	21	22	23	19	20	26										
10/21/2013	1	4	2	5	3	8	6	9	12	7	13	11	10	18	14	17	16	15	21	22	23	19	20	26										
10/28/2013	1	4	2	5	3	8	6	9	12	7	13	11	10	18	14	17	16	15	21	22	23	19	20	26										
11/4/2013	1	4	2	5	3	8	6	9	12	7	13	11	10	18	14	17	16	15	21	22	23	19	20	26										
11/11/2013	1	4	2	5	3	6	7	9	11	8	12	13	10	18	15	17	16	14	21	22	23	19	20	27										
11/18/2013	1	4	2	5	3	7	6	9	11	8	13	12	10	18	15	16	17	14	21	22	23	19	20	27										
11/25/2013	1	3	2	6	4	7	5	9	13	8	11	12	10	17	15	18	16	14	19	22	23	21	20	27										
12/2/2013	1	3	2	5	4	7	6	9	13	8	11	12	10	17	15	18	16	14	19	22	23	21	20	27										
12/9/2013	1	3	2	5	4	7	6	9	13	8	11	12	10	17	15	18	16	14	19	22	23	21	20	27										
12/16/2013	1	3	2	5	4	7	6	9	13	8	11	12	10	17	15	18	16	14	19	22	23	21	20	27										
12/23/2013	1	3	2	5	4	7	6	9	13	8	11	12	10	17	15	18	16	14	19	22	23	21	20	28										
12/30/2013	1	3	2	5	4	7	6	9	13	8	11	12	10	17	15	18	16	14	19	22	23	21	20	28										
1/6/2014	1	3	2	5	4	7	6	9	13	8	11	12	10	17	15	18	16	14	19	22	23	21	20	28										
1/13/2014	1	3	2	5	4	7	6	9	13	8	11	12	10	17	15	18	16	14	19	22	23	21	20	28										
1/20/2014	1	3	2	5	4	7	6	9	13	8	11	12	10	17	15	18	16	14	19	22	23	21	20	28										
1/27/2014	1	3	2	5	4	7	6	9	13	8	11	12	10	17	15	18	16	14	19	22	23	21	20	28										
2/3/2014	1	3	2	5	4	7	6	10	13	8	11	12	9	17	15	18	16	14	20	21	23	19	22	28										
2/10/2014	1	3	2	5	4	6	7	10	13	8	11	12	9	18	15	17	16	14	19	22	23	20	21	27										
2/17/2014	1	3	2	5	4	6	7	10	13	8	11	12	9	18	15	17	16	14	19	22	23	20	21	27										
2/24/2014	1	3	2	7	4	5	6	10	14	8	11	12	9	18	15	17	16	13	19	21	23	20	22	27										
3/3/2014	1	3	2	7	4	5	6	10	14	8	11	12	9	18	15	17	16	13	19	21	23	20	22	27										
3/10/2014	1	3	2	5	4	6	7	10	14	8	11	12	9	18	15	17	16	13	20	22	23	19	21	27										
3/17/2014	1	3	2	7	4	5	6	10	14	8	11	12	9	18	15	17	16	13	20	24	22	19	21	27										
3/24/2014	1	3	2	7	4	5	6	10	14	8	11	12	9	18	15	17	16	13	20	24	22	19	21	27										
3/31/2014	1	3	2	7	4	5	6	10	14	8	11	12	9	18	15	17	16	13	20	24	22	19	21	27										
4/7/2014	1	3	2	7	4	5	6	10	14	8	11	12	9	18	15	17	16	13	20	24	22	19	21	28										
4/14/2014	1	3	2	7	4	5	6	10	14	8	11	12	9	18	15	17	16	13	20	24	22	19	21	28										
4/21/2014	1	3	2	7	4	5	6	10	14	8	11	12	9	18	15	17	16	13	20	24	22	19	21	28										
4/28/2014	1	3	2	7	4	5	6	10	14	8	11	12	9	18	15	17	16	13	20	24	22	19	21	27										
5/5/2014	1	3	2	7	4	5	6	10	14	8	11	12	9	18	15	17	16	13	20	24	22	19	21	27										
5/12/2014	1	3	2	7	4	5	6	10	14	8	11	12	9	18	15	17	16	13	20	25	22	19	21	27										
5/19/2014	1	3	2	7	4	5	6	10	14	8	11	12	9	18	15	17	16	13	20	25	22	19	21	27										
5/26/2014	1	3	2	7	4	5	6	10	14	8	11	12	9	18	15	17	16	13	20	24	22	19	21	27										
6/2/2014	1	3	2	7	4	5	6	10	14	9	12	13	8	18	15	17	16	11	20	24	22	19	21	27										
6/9/2014	1	3	2	7	4	5	6	8	14	11	12	13	9	18	16	17	15	10	20	24	22	19	21	27										
6/16/2014	1	3	2	7	4	5	6	8	14	11	10	13	12	18	16	17	15	9	20	24	22	19	21	27										
6/23/2014	1	3	2	7	4	5	6	8	14	9	11	13	12	18	17	16	15	10	19	24	22	20	21	27										
6/30/2014	1	3	2	7	4	5	6	8	14	9	11	13	12	18	17	16	15	10	19	23	26	20	21	28										
7/7/2014	1	3	2	7	4	5	6	8	14	9	11	13	12	18	17	16	15	10	19	24	23	20	21	28										
7/14/2014	1	3	2	7	4	5	6	8	14	9	11	13	12	18	17	16	15	10	19	24	23	20	21	28										
7/21/2014	1	3	2	7	4	5	6	8	14	9	11	13	12	18	17	16	15	10	19	24	23	20	21	28										
7/28/2014	1	3	2	7	4	5	6	8	14	9	11	13	12	18	17	16	15	10	19	24	23	20	21	28										
8/4/2014	1	3	2	7	4	5	6	8	14	9	11	13	12	18	17	16	15	10	19	24	22	20	21	28										
8/11/2014	1	3	2	7	4	5	6	8	14	9	11	13	12	18	17	16	15	10	19	24	22	20	21	28										
8/18/2014	1	3	2	7	4	5	6	8	14	9	11	13	12	18	17	16	15	10	19	24	22	20	21	28										
8/25/2014	1	3	2	7	4	5	6	8	14	9	11	13	12	18	17	16	15	10	19	24	22	20	21	28										
9/1/2014	1	3	2	7	4	5	6	8	14	9	11	13	12	18	17	16	15	10	19	24	22	20	21	28										
9/8/2014	1	3	2	7	4	5	6	8	14	9	11	13	12	18	17	16	15	10	19	24	22	20	21	28										
9/15/2014	1	3	2	7	4	5	6	8	14	9	11	13	12	18	17	16	15	10	19	24	22	20	21	28										
9/22/2014	1	3	2	7	4	5	6	8	14	9	11	13	12	18	17	16	15	10	19	24	22	20	21	28										
9/29/2014	1	3	2	7	4	5	6	8	14	9	11	13	12	18	17	16	15	10	20	24	22	19	21	28										
10/6/2014	1	4	2	7	3	5	6	8	14	9	12	13	10	18	17	16	15	11	20	24	22	19	21	28										
10/13/2014	1	4	2	7	3	5	6	8	14	9	12	13	10	18	17	16	15	11	19	24	22	20	21	28										
10/20/2014	1	4	2	7	3	5	6	8	14	9	12	13	10	18	17	16	15	11	19	24	22	20	21	28										
10/27/2014	1	4	2	7	3	5	6	8	14	9	12	13	10	18	17	16	15	11	19	24	22	20	21	28										
11/3/2014	1	4	2	7	3	5	6	8	14	9	12	13	10	18	17	16	15	11	19	24	22	20	21	28										
11/10/2014	1	3	2	6	4	5	7	8	14	11	12	13	10	16	17	18	15	9	20	23	22	19	21	29										
11/17/2014	1	4	2	6	5	3	7	8	14	11	13	12	9	17	16	18	15	10	20	23	22	19	21	29										
11/24/2014	1	5	2	7	4	3	6	8	14	10	12	13	9	16	18	17	15	11	20	22	23	19	21	29										
12/1/2014	1	5	2	7	4	3	6	8	14	10	12	13	9	16	18	17	15	11	20	22	23	19	21	29										
12/8/2014	1	5	2	7	4	3	6	8	14	10	12	13	9	16	18	17	15	11	20	22	23	19	21	29										
12/15/2014	1	5	2	7	4	3	6	8	14	10	12	13	9	16	18	17	15	11	20	22	23	19	21	29										
12/22/2014	1	5	2	7	4	3	6	8	14	10	12	13	9	16	18	17	15	11	20	22	23	19	21	29										
12/29/2014	1	5	2	7	4	3	6	8	14	10	12	13	9	16	18	17	15	11	20	22	23	19	21	29										
1/5/2015	1	5	2	7	4	3	6	8	14	10	12	13	9	16	18	17	15	11	20	22	23	19	21	29										
1/12/2015	1	5	2	7	4	3	6	8	14	10	12	13	9	16	18	17	15	11	20	22	23	19	21	29										
1/19/2015	1	5	2	7	4	3	6	8	14	10	12	13	9	16	18	17	15	11	20	22	23	19	21	29										
1/26/2015	1	5	2	7	4	3	6	8	14	10	12	13	9	16	18	17	15	11	20	22	23	19	21	29										
2/2/2015	1	5	2	7	4	3	6	8	14	10	12	13	9	16	18	17	15	11	20	22	23	19	21	29										
2/9/2015	1	5	2	7	3	4	6	9	14	10	12	13	8	17	18	16	15	11	19	23	22	20	21	29										
2/16/2015	1	5	2	7	3	4	6	9	14	10	12	13	8	17	18	16	15	11	20	23	22	19	21	29										
2/23/2015	1	5	2	7	3	4	6	9	14	10	12	13	8	17	18	16	15	11	20	23	22	19	21	30										
3/2/2015	1	5	2	7	4	3	6	10	14	9	12	13	8	16	17	18	15	11	20	22	23	19	21	29										
3/9/2015	1	5	2	7	4	3	6	10	14	9	12	13	8	16	17	18	15	11	20	22	23	19	21	29										
3/16/2015	1	6	2	7	4	3	5	10	14	9	12	13	8	16	17	18	15	11	20	23	22	19	21	29										
3/23/2015	1	6	2	7	4	3	5	11	15	9	12	13	8	16	17	18	14	10	20	23	22	19	21	29										
3/30/2015	1	6	2	7	4	3	5	11	15	9	12	13	8	16	17	18	14	10	20	23	22	19	21	29										
4/6/2015	1	6	2	7	4	3	5	11	15	9	12	13	8	16	17	18	14	10	20	23	22	19	21	29										
4/13/2015	1	6	2	7	4	3	5	11	15	9	12	13	8	16	17	18	14	10	20	23	22	19	21	29										
4/20/2015	1	6	2	7	4	3	5	11	15	9	12	13	8	16	17	18	14	10	20	23	22	19	21	29										
4/27/2015	1	6	2	7	4	3	5	11	15	9	12	13	8	16	17	18	14	10	20	24	23	19	21	27										
5/4/2015	1	6	2	7	4	3	5	11	15	9	12	13	8	16	17	18	14	10	20	24	23	19	21	27										
5/11/2015	1	6	2	7	4	3	5	11	15	9	12	13	8	16	17	18	14	10	21	24	23	19	20	25										
5/18/2015	1	6	2	7	4	3	5	11	15	9	12	13	8	16	17	18	14	10	21	23	22	19	20	24										
5/25/2015	1	6	2	7	4	3	5	10	15	9	11	12	8	16	17	18	14	13	21	24	22	19	20	25										
6/1/2015	1	6	2	7	4	3	5	10	15	9	11	12	8	16	17	18	14	13	21	28	22	19	20	24										
6/8/2015	1	6	2	7	4	3	5	10	15	9	11	12	8	16	17	18	14	13	21	28	22	19	20	24										
6/15/2015	1	6	2	7	4	3	5	10	15	9	11	12	8	16	17	18	14	13	21	28	22	19	20	24										
6/22/2015	1	6	2	7	4	3	5	10	15	9	11	12	8	16	17	18	14	13	21	28	22	19	20	24										
6/29/2015	1	6	2	7	4	3	5	10	15	9	11	12	8	16	17	18	14	13	21	28	22	19	20	24										
7/6/2015	1	6	2	7	4	3	5	10	15	9	11	12	8	16	17	18	14	13	21	28	22	19	20	24										
7/13/2015	1	6	2	7	4	3	5	10	15	9	11	12	8	16	17	18	14	13	21	28	22	20	19	24										
7/20/2015	1	5	2	7	4	3	6	11	15	9	10	13	8	16	17	18	14	12	19	29	21	22	20	24										
7/27/2015	1	5	2	7	4	3	6	11	15	9	10	12	8	16	18	17	14	13	19	29	21	22	20	24										
8/3/2015	1	5	2	7	4	3	6	11	15	9	10	12	8	16	18	17	13	14	19	29	21	22	20	24										
8/10/2015	1	3	5	7	4	2	6	12	14	10	9	11	8	16	18	17	13	15	19	29	20	22	21	24										
8/17/2015	1	3	5	7	4	2	6	12	14	10	9	11	8	16	18	17	13	15	20	29	19	22	21	24										
8/24/2015	1	3	4	7	5	2	6	10	15	11	9	12	8	16	18	17	13	14	20	29	19	22	21	24										
8/31/2015	1	2	4	7	6	3	5	10	15	11	9	12	8	16	18	17	13	14	20	29	19	22	21	24										
9/7/2015	1	2	3	7	4	6	5	10	14	12	9	11	8	15	18	17	16	13	20	29	19	22	21	24										
9/14/2015	1	2	3	7	4	6	5	10	14	12	9	11	8	15	18	17	16	13	20	29	19	22	21	24										
9/21/2015	1	2	6	7	3	5	4	12	15	10	9	14	8	16	18	17	13	11	20	29	19	22	21	24										
9/28/2015	1	3	5	7	6	4	2	9	14	11	10	13	8	16	18	17	15	12	20	29	19	22	21	24										
10/5/2015	1	2	4	6	8	5	3	9	13	15	10	12	7	16	18	17	14	11	20	29	19	22	21	24										
10/12/2015	1	2	5	7	8	3	4	9	12	15	11	13	6	16	18	17	14	10	20	29	19	22	21	24										
10/19/2015	1	2	3	7	8	6	5	9	12	15	11	13	4	16	18	17	14	10	20	29	19	22	21	24										
10/26/2015	1	2	3	7	8	6	5	9	12	15	11	13	4	16	18	17	14	10	20	29	19	22	21	24										
11/2/2015	1	2	3	7	8	6	4	9	12	15	11	13	5	16	18	17	14	10	20	29	19	22	21	24										
11/9/2015	1	2	3	7	8	6	4	9	12	15	11	13	5	16	18	17	14	10	20	29	19	22	21	24										
11/16/2015	1	2	3	7	8	6	4	9	12	15	11	13	5	16	18	17	14	10	20	30	19	22	21	24										
11/23/2015	1	2	3	7	8	6	4	9	12	15	11	13	5	16	19	17	14	10	22	26	21	18	20	24										
11/30/2015	1	2	3	7	8	6	4	9	12	15	11	13	5	16	19	17	14	10	22	26	21	18	20	24										
12/7/2015	1	2	3	7	8	6	4	9	12	15	11	13	5	16	19	17	14	10	22	27	21	18	20	24										
12/14/2015	1	2	3	7	8	6	4	9	12	15	11	13	5	16	19	17	14	10	22	27	21	18	20	24										
12/21/2015	1	2	3	7	8	6	4	9	12	15	11	13	5	16	19	17	14	10	22	27	21	18	20	24										
12/28/2015	1	2	3	7	8	6	4	9	12	15	11	13	5	16	19	17	14	10	22	27	21	18	20	24										
1/4/2016	1	2	3	7	8	6	4	9	12	15	11	13	5	16	19	17	14	10	22	27	21	18	20	24										
1/11/2016	1	2	3	7	8	6	4	9	12	15	11	13	5	16	19	17	14	10	22	27	21	18	20	24										
1/18/2016	1	2	3	7	8	6	4	9	12	15	11	13	5	16	19	17	14	10	22	27	21	18	20	24										
1/25/2016	1	2	3	7	8	6	4	9	12	15	11	13	5	16	19	17	14	10	22	27	21	18	20	24										
2/1/2016	1	2	3	7	8	6	4	9	12	15	11	13	5	16	19	17	14	10	22	27	21	18	20	24										
2/8/2016	1	2	3	8	7	6	4	11	12	15	10	13	5	16	19	17	14	9	22	27	20	18	21	24										
2/15/2016	1	2	3	7	6	8	4	11	12	15	10	13	5	16	19	17	14	9	21	27	20	18	22	24										
2/22/2016	1	2	3	7	6	8	4	11	12	15	10	13	5	16	19	17	14	9	21	27	20	18	22	24										
2/29/2016	1	2	3	7	6	8	4	9	14	15	11	12	5	17	19	16	13	10	20	30	21	18	22	27										
3/7/2016	1	2	3	7	6	8	4	9	14	15	11	12	5	17	18	16	13	10	20	29	21	19	22	30										
3/14/2016	1	2	3	8	5	7	4	9	14	15	11	13	6	17	18	16	12	10	19	30	21	20	22	29										
3/21/2016	1	2	3	8	4	7	5	9	14	15	11	13	6	17	18	16	12	10	20	30	21	19	22	29										
3/28/2016	1	2	3	8	4	7	5	9	14	15	11	13	6	17	18	16	12	10	20	30	21	19	22	29										
4/4/2016	1	2	3	8	4	7	5	9	14	15	11	13	6	17	18	16	12	10	20	30	21	19	22	29										
4/11/2016	1	2	3	8	4	7	5	9	14	15	11	13	6	17	18	16	12	10	20	30	21	19	22	29										
4/18/2016	1	2	3	8	4	7	5	9	14	15	11	13	6	17	18	16	12	10	20	30	21	19	22	29										
4/25/2016	1	2	3	8	4	7	5	9	14	15	11	13	6	17	18	16	12	10	20	30	21	19	22	29										
5/2/2016	1	2	3	8	4	7	5	9	14	15	11	13	6	17	18	16	12	10	20	30	21	19	22	29										
5/9/2016	1	2	3	8	4	7	5	9	14	15	11	13	6	17	18	16	12	10	20	30	21	19	22	29										
5/16/2016	1	2	3	8	4	7	5	9	14	15	11	13	6	17	18	16	12	10	20	30	21	19	22	29										
5/23/2016	1	2	3	8	4	7	5	9	14	15	11	13	6	17	18	16	12	10	20	30	21	19	22	29										
5/30/2016	1	2	3	8	4	7	6	9	14	15	11	13	5	17	18	16	12	10	20	30	21	19	22	29										
6/6/2016	1	2	3	8	4	7	6	9	14	15	11	13	5	17	18	16	12	10	20	30	21	19	22	28										
6/13/2016	1	2	4	8	3	7	6	9	14	15	11	13	5	17	18	16	12	10	20	30	21	19	22	28										
6/20/2016	1	4	3	9	2	7	6	8	13	15	10	14	5	18	17	16	12	11	19	30	21	20	23	28										
6/27/2016	1	4	3	7	2	6	5	8	13	14	10	15	9	17	18	16	11	12	19	30	20	21	23	28										
7/4/2016	1	4	3	7	2	6	5	8	13	14	10	15	9	17	18	16	11	12	19	30	20	21	23	28										
7/11/2016	1	4	3	7	2	6	5	8	13	14	10	15	9	17	18	16	11	12	19	30	20	21	23	28										
7/18/2016	1	4	3	7	2	6	5	8	13	14	10	15	9	17	18	16	11	12	19	30	20	21	23	28										
7/25/2016	1	4	3	7	2	6	5	8	13	14	10	15	9	17	18	16	11	12	19	30	20	21	23	28										
8/1/2016	1	4	3	7	2	6	5	8	13	14	10	15	9	17	18	16	11	12	19	30	20	21	23	28										
8/8/2016	1	4	3	7	2	6	5	8	13	14	10	15	9	17	18	16	11	12	19	30	20	21	23	28										
8/15/2016	1	4	3	7	2	6	5	8	13	14	10	15	9	17	18	16	11	12	19	30	20	21	23	28										
8/22/2016	1	4	3	7	2	6	5	8	13	14	10	15	9	17	18	16	11	12	19	30	20	21	23	28										
8/29/2016	1	4	3	8	2	6	5	9	13	14	10	15	7	17	18	16	11	12	19	30	20	21	23	28										
9/5/2016	1	4	3	8	2	6	5	9	13	14	10	15	7	17	18	16	11	12	19	30	20	21	23	28										
9/12/2016	1	3	4	8	2	6	5	9	13	14	10	15	7	17	18	16	11	12	19	30	20	21	23	28										
9/19/2016	1	3	4	8	2	6	5	9	13	14	10	15	7	17	18	16	11	12	19	30	20	21	23	28										
9/26/2016	1	3	4	8	2	6	5	9	13	14	10	15	7	17	18	16	11	12	19	30	20	21	23	27										
10/3/2016	1	4	3	8	2	6	5	9	13	14	10	15	7	17	18	16	11	12	19	30	20	21	23	27										
10/10/2016	1	3	4	7	2	6	5	8	13	14	10	15	9	17	18	16	11	12	19	30	20	21	23	27										
10/17/2016	1	3	4	7	2	6	5	8	13	14	10	15	9	17	18	16	11	12	19	30	20	21	23	27										
10/24/2016	1	3	4	7	2	6	5	8	13	14	10	15	9	17	18	16	11	12	19	30	20	21	23	27										
10/31/2016	1	3	4	7	2	6	5	8	13	14	10	15	9	17	18	16	11	12	19	30	20	21	23	27										
11/7/2016	1	3	4	8	2	5	7	9	13	14	10	15	6	17	18	16	11	12	19	29	20	21	23	27										
11/14/2016	1	3	4	7	2	5	6	9	13	14	10	15	8	17	18	16	12	11	20	28	19	21	24	27										
11/21/2016	1	3	5	8	2	4	6	7	13	14	10	15	9	17	18	16	12	11	21	26	20	19	22	30										
11/28/2016	1	3	6	8	2	4	5	7	13	15	10	14	9	17	18	16	12	11	21	26	20	19	22	30										
12/5/2016	1	3	6	8	2	4	5	7	13	15	10	14	9	17	18	16	12	11	21	25	20	19	22	30										
12/12/2016	1	3	6	8	2	4	5	7	13	15	10	14	9	17	18	16	12	11	21	25	20	19	22	30										
12/19/2016	1	3	6	8	2	4	5	7	13	15	10	14	9	17	18	16	12	11	21	25	20	19	22	30										
12/26/2016	1	3	6	8	2	4	5	7	13	15	10	14	9	17	18	16	12	11	21	25	20	19	22	30										
1/2/2017	1	3	6	8	2	4	5	7	13	15	10	14	9	17	18	16	12	11	21	25	20	19	22	30										
1/9/2017	1	3	6	8	2	4	5	7	13	15	10	14	9	17	18	16	12	11	21	25	20	19	22	30										
1/16/2017	1	3	6	8	2	4	5	7	13	15	10	14	9	17	18	16	12	11	21	25	20	19	22	30										
1/23/2017	1	3	6	8	2	4	5	7	13	15	10	14	9	17	18	16	12	11	21	25	20	19	22	30										
1/30/2017	1	3	6	8	2	4	5	7	13	15	10	14	9	17	18	16	12	11	21	25	20	19	22	30										
2/6/2017	1	3	6	8	2	4	5	7	13	15	10	14	9	17	18	16	12	11	21	25	20	19	22	30										
2/13/2017	1	3	6	7	2	4	5	8	14	15	10	13	9	17	18	16	12	11	23	25	19	20	21	30										
2/20/2017	1	3	6	7	2	4	5	8	14	15	10	13	9	17	20	16	12	11	23	25	19	18	21	30										
2/27/2017	1	3	6	8	2	4	7	5	14	15	10	13	9	17	21	16	12	11	20	25	19	18	22	30										
3/6/2017	1	3	6	8	2	4	7	5	14	15	10	13	9	17	23	16	12	11	20	25	18	19	21	29										
3/13/2017	1	3	7	8	2	4	6	5	15	14	10	13	9	17	22	16	12	11	21	25	19	20	18	29										
3/20/2017	1	3	7	6	2	4	8	5	15	14	10	13	9	17	22	16	12	11	21	24	19	20	18	30										
3/27/2017	1	3	7	6	2	4	8	5	15	14	10	13	9	17	22	16	12	11	21	24	19	20	18	30										
4/3/2017	1	3	7	6	2	4	8	5	15	14	10	13	9	17	22	16	12	11	21	23	19	20	18	30										
4/10/2017	1	3	7	6	2	4	8	5	15	14	10	13	9	17	22	16	12	11	21	23	19	20	18	30										
4/17/2017	1	3	7	6	2	4	8	5	15	14	10	13	9	17	22	16	12	11	21	23	19	20	18	30										
4/24/2017	1	3	7	6	2	4	8	5	15	14	10	13	9	17	22	16	12	11	21	23	19	20	18	29										
5/1/2017	1	3	7	6	2	4	8	5	15	14	10	13	9	17	22	16	12	11	21	23	19	20	18	29										
5/8/2017	1	3	7	6	2	4	8	5	15	14	10	13	9	17	22	16	12	11	21	23	19	20	18	29										
5/15/2017	1	3	7	6	2	4	8	5	15	14	10	13	9	17	22	16	12	11	21	23	19	20	18	29										
5/22/2017	1	3	7	6	2	4	8	5	15	14	10	13	9	17	22	16	12	11	21	24	19	20	18	29										
5/29/2017	1	3	7	6	2	4	8	5	15	14	10	13	9	17	23	16	12	11	21	24	19	20	18	28										
6/5/2017	1	3	7	6	2	4	8	5	15	14	10	13	9	17	23	16	12	11	21	25	19	20	18	28										
6/12/2017	1	3	5	8	2	4	7	6	15	14	10	13	9	17	23	16	12	11	21	26	20	19	18	28										
6/19/2017	1	4	6	8	2	3	7	5	15	14	10	13	9	17	23	16	12	11	18	26	21	20	19	28										
6/26/2017	1	4	5	8	2	3	7	6	14	15	10	13	9	17	23	16	12	11	18	25	21	20	19	28										
7/3/2017	1	4	5	8	2	3	7	6	14	15	10	13	9	17	23	16	12	11	18	25	21	20	19	28										
7/10/2017	1	4	5	8	2	3	7	6	14	15	10	13	9	17	23	16	12	11	18	25	21	20	19	28										
7/17/2017	1	4	5	8	2	3	7	6	14	16	10	13	9	17	23	15	12	11	18	25	21	20	19	28										
7/24/2017	1	4	5	8	2	3	7	6	14	16	10	13	9	17	23	15	12	11	18	26	21	20	19	28										
7/31/2017	1	4	5	8	2	3	7	6	14	16	10	13	9	17	23	15	12	11	18	26	21	20	19	28										
8/7/2017	1	4	5	8	2	3	7	6	14	16	10	13	9	17	23	15	12	11	18	26	21	20	19	28										
8/14/2017	1	4	5	8	2	3	7	6	14	16	10	13	9	17	23	15	12	11	18	26	21	20	19	28										
8/21/2017	1	5	4	8	2	3	7	6	14	16	9	13	10	17	23	15	12	11	18	26	21	20	19	28										
8/28/2017	1	5	3	8	2	4	7	6	14	16	9	13	10	17	24	15	12	11	18	25	21	20	19	28										
9/4/2017	1	5	3	8	2	4	7	6	14	16	9	13	10	17	24	15	12	11	18	25	21	20	19	28										
9/11/2017	1	5	3	8	2	4	7	6	14	16	9	13	10	17	24	15	12	11	18	25	21	20	19	28										
9/18/2017	1	5	3	8	2	4	7	6	14	16	9	13	10	17	24	15	12	11	18	25	21	20	19	28										
9/25/2017	1	5	3	8	2	4	7	6	14	16	9	13	10	17	24	15	12	11	18	25	21	20	19	28										
10/2/2017	1	5	4	8	2	3	7	6	14	16	9	13	10	17	24	15	12	11	18	25	21	20	19	28										
10/9/2017	1	3	5	8	2	4	7	6	14	16	9	13	10	17	24	15	12	11	18	25	21	20	19	28										
10/16/2017	1	3	5	8	2	4	7	6	14	16	9	13	10	17	24	15	12	11	18	25	21	20	19	28										
10/23/2017	1	3	5	8	2	4	7	6	14	16	9	13	10	17	24	15	12	11	18	25	21	20	19	28										
10/30/2017	1	3	5	8	2	4	7	6	14	16	9	13	10	17	24	15	12	11	18	25	21	20	19	28										
11/6/2017	1	3	5	8	2	4	7	6	14	16	9	13	10	17	24	15	12	11	18	25	21	20	19	28										
11/13/2017	1	3	5	8	2	4	7	6	13	16	9	14	10	17	23	15	12	11	19	25	21	18	20	27										
11/20/2017	1	3	5	8	2	4	7	6	13	16	10	15	9	17	21	14	12	11	18	25	22	19	20	28										
11/27/2017	1	4	5	9	2	3	7	6	14	16	10	13	8	17	21	15	12	11	18	25	23	19	20	24										
12/4/2017	1	4	6	9	2	3	7	5	14	16	10	13	8	17	21	15	12	11	18	25	23	19	20	24										
12/11/2017	1	4	6	9	2	3	7	5	14	16	10	13	8	17	21	15	12	11	18	25	23	19	20	24										
12/18/2017	1	4	6	9	2	3	7	5	14	16	10	13	8	17	21	15	12	11	18	25	23	19	20	24										
12/25/2017	1	4	6	9	2	3	7	5	14	16	10	13	8	17	21	15	12	11	18	25	23	19	20	24										
1/1/2018	1	4	6	9	2	3	7	5	14	16	10	13	8	17	21	15	12	11	18	25	23	19	20	24										
1/8/2018	1	4	6	9	2	3	7	5	14	16	10	13	8	17	21	15	12	11	18	25	23	19	20	24										
1/15/2018	1	4	6	9	2	3	7	5	14	16	10	13	8	17	21	15	12	11	18	25	23	19	20	24										
1/22/2018	1	4	6	9	2	3	7	5	14	16	10	13	8	17	21	15	12	11	18	25	23	19	20	24										
1/29/2018	1	4	6	9	2	3	7	5	14	16	10	13	8	17	21	15	12	11	18	25	23	19	20	24										
2/5/2018	1	4	5	10	2	3	6	7	14	16	9	13	8	17	21	15	12	11	18	24	23	19	20	26										
2/12/2018	1	4	5	10	2	3	6	7	14	16	9	13	8	18	21	15	12	11	17	24	23	20	19	26										
2/19/2018	1	4	5	10	2	3	6	7	14	15	9	13	8	18	21	16	12	11	17	24	23	20	19	25										
2/26/2018	1	4	6	10	2	3	7	5	14	15	9	13	8	18	21	16	12	11	17	24	23	20	19	26										
3/5/2018	1	4	6	10	2	3	7	5	14	16	9	13	8	15	21	17	12	11	18	24	23	20	19	29										
3/12/2018	1	4	5	8	3	2	7	6	14	16	10	13	9	15	21	17	12	11	18	23	24	20	19	29										
3/19/2018	1	4	6	8	3	2	7	5	14	16	10	13	9	15	21	17	12	11	18	23	24	19	20	28										
3/26/2018	1	4	6	8	3	2	7	5	14	16	10	13	9	15	21	17	12	11	18	23	24	19	20	28										
4/2/2018	1	4	6	8	3	2	7	5	14	16	10	13	9	15	21	17	12	11	18	23	24	19	20	28										
4/9/2018	1	4	6	8	3	2	7	5	14	16	10	13	9	15	21	17	12	11	18	23	24	19	20	28										
4/16/2018	1	4	6	8	3	2	7	5	14	16	10	13	9	15	21	17	12	11	18	23	24	19	20	28										
4/23/2018	1	4	6	8	3	2	7	5	14	16	10	13	9	15	21	17	12	11	18	23	24	19	20	28										
4/30/2018	1	4	6	8	3	2	7	5	14	16	10	13	9	15	21	17	12	11	18	23	24	19	20	28										
5/7/2018	1	4	6	8	3	2	7	5	14	16	10	13	9	15	21	17	12	11	18	23	24	19	20	31										
5/14/2018	1	4	6	8	3	2	7	5	14	16	10	13	9	15	21	17	12	11	18	23	24	19	20	30										
5/21/2018	1	4	6	8	3	2	7	5	14	16	10	13	9	15	21	17	12	11	18	23	24	19	20	29										
5/28/2018	1	4	6	8	3	2	7	5	14	16	10	13	9	15	21	17	12	11	18	23	24	19	20	30										
6/4/2018	1	4	7	8	3	2	5	6	14	16	10	13	9	15	21	17	12	11	18	23	24	19	20	30										
6/11/2018	1	3	7	8	4	2	5	6	14	16	9	13	10	15	21	17	12	11	18	23	24	19	20	30										
6/18/2018	1	4	5	8	6	2	3	7	13	16	9	14	10	15	22	17	12	11	18	24	23	19	20	30										
6/25/2018	1	5	6	8	4	2	3	7	14	16	9	12	10	15	22	17	13	11	18	24	23	19	20	30										
7/2/2018	1	5	6	8	4	2	3	7	14	16	9	12	10	15	22	17	13	11	18	24	23	19	20	30										
7/9/2018	1	5	6	8	4	2	3	7	14	16	9	12	10	15	22	17	13	11	18	24	23	19	20	30										
7/16/2018	1	5	6	8	4	2	3	7	14	16	9	12	10	15	22	17	13	11	18	24	23	19	20	30										
7/23/2018	1	5	6	8	4	2	3	7	14	16	9	12	10	15	22	17	13	11	18	24	23	19	20	30										
7/30/2018	1	5	6	8	4	2	3	7	14	16	9	12	10	15	22	17	13	11	18	24	23	19	20	30										
8/6/2018	1	5	6	8	4	2	3	7	14	16	9	12	10	15	22	17	13	11	18	24	23	19	20	30										
8/13/2018	1	5	6	8	4	2	3	7	14	16	9	12	10	15	22	17	13	11	18	24	23	19	20	30										
8/20/2018	1	5	6	8	4	2	3	7	14	16	9	12	10	15	23	17	13	11	18	24	22	19	20	30										
8/27/2018	1	5	7	8	4	2	3	6	14	16	10	12	9	15	23	17	13	11	18	24	22	19	20	30										
9/3/2018	1	5	7	8	4	2	3	6	14	16	10	12	9	15	23	17	13	11	18	24	22	19	20	30										
9/10/2018	1	5	7	8	4	2	3	6	14	16	10	12	9	15	23	17	13	11	18	24	22	19	20	30										
9/17/2018	1	7	5	8	4	2	3	6	14	16	10	12	9	15	23	17	13	11	18	24	22	19	20	30										
9/24/2018	1	7	5	8	4	2	3	6	14	16	10	12	9	15	23	17	13	11	18	24	22	19	20	30										
10/1/2018	1	7	5	8	4	2	3	6	14	16	10	12	9	15	23	17	13	11	18	24	22	19	20	30										
10/8/2018	1	7	5	8	4	2	3	6	14	16	10	12	9	15	23	17	13	11	18	24	22	19	20	30										
10/15/2018	1	7	5	8	4	2	3	6	14	16	10	12	9	15	23	17	13	11	18	24	22	19	20	30										
10/22/2018	1	7	5	8	4	2	3	6	14	16	10	12	9	15	23	17	13	11	18	24	22	19	20	30										
10/29/2018	1	7	5	8	4	2	3	6	14	16	10	12	9	15	23	17	13	11	18	24	22	19	20	30										
11/5/2018	1	6	5	8	4	2	3	7	14	16	10	12	9	15	23	17	13	11	18	24	22	19	20	30										
11/12/2018	1	7	5	8	4	2	3	6	13	17	10	12	9	15	21	16	14	11	18	23	22	19	20	30										
11/19/2018	1	6	5	8	4	2	3	7	14	16	10	12	9	13	21	17	15	11	18	24	23	19	20	29										
11/26/2018	1	6	5	9	4	2	3	7	15	16	8	14	10	12	20	18	13	11	17	27	22	19	21	29										
12/3/2018	1	6	5	9	4	2	3	7	15	16	8	14	10	12	20	18	13	11	17	27	22	19	21	29										
12/10/2018	1	6	5	9	4	2	3	7	15	16	8	14	10	12	20	18	13	11	17	27	22	19	21	29										
12/17/2018	1	6	5	9	4	2	3	7	15	16	8	14	10	12	20	18	13	11	17	27	22	19	21	29										
12/24/2018	1	6	5	9	4	2	3	7	15	16	8	14	10	12	20	18	13	11	17	27	22	19	21	29										
12/31/2018	1	6	5	9	4	2	3	7	15	16	8	14	10	12	20	18	13	11	17	27	22	19	21	29										
1/7/2019	1	6	5	9	4	2	3	7	15	16	8	14	10	12	20	18	13	11	17	27	22	19	21	29										
1/14/2019	1	6	5	9	4	2	3	7	15	16	8	14	10	12	20	18	13	11	17	27	22	19	21	29										
1/21/2019	1	6	5	9	4	2	3	7	15	16	8	14	10	12	20	18	13	11	17	27	22	19	21	29										
1/28/2019	1	6	5	9	4	2	3	7	15	16	8	14	10	12	20	18	13	11	17	27	22	19	21	29										
2/4/2019	1	6	5	10	3	2	4	7	15	16	8	14	9	12	20	18	13	11	17	27	22	19	21	29										
2/11/2019	1	6	5	10	3	2	4	7	15	16	8	14	9	13	21	18	12	11	17	28	22	19	20	29										
2/18/2019	1	6	5	10	3	2	4	7	15	16	8	14	9	13	21	18	12	11	17	27	22	19	20	29										
2/25/2019	1	6	5	8	4	2	3	7	15	16	9	14	10	13	21	18	12	11	17	27	22	19	20	29										
3/4/2019	1	6	5	8	4	2	3	7	14	17	9	13	10	15	21	20	12	11	16	27	22	18	19	29										
3/11/2019	1	6	5	8	4	2	3	7	14	17	9	13	10	15	21	18	12	11	16	23	22	20	19	29										
3/18/2019	1	6	5	8	4	3	2	7	14	17	9	13	10	15	21	18	12	11	16	23	22	20	19	29										
3/25/2019	1	6	5	8	4	3	2	7	14	17	9	13	10	15	21	18	12	11	16	23	22	20	19	29										
4/1/2019	1	6	5	8	4	3	2	7	14	17	9	13	10	15	21	18	12	11	16	23	22	20	19	29										
4/8/2019	1	6	5	8	4	3	2	7	14	17	9	13	10	15	21	18	12	11	16	22	23	20	19	29										
4/15/2019	1	6	5	8	4	3	2	7	14	17	9	13	10	15	21	18	12	11	16	22	23	20	19	29										
4/22/2019	1	6	5	8	4	3	2	7	14	17	9	13	10	15	21	18	12	11	16	22	23	20	19	29										
4/29/2019	1	6	5	8	4	3	2	7	14	17	9	13	10	15	21	18	12	11	16	22	23	20	19	29										
5/6/2019	1	6	5	8	4	3	2	7	14	17	9	13	10	15	21	18	12	11	16	22	23	20	19	29										
5/13/2019	1	6	5	8	4	3	2	7	14	17	9	13	10	15	21	18	12	11	16	22	23	20	19	29										
5/20/2019	1	6	5	8	4	3	2	7	14	17	9	13	10	15	21	18	12	11	16	22	23	20	19	29										
5/27/2019	1	6	5	8	4	3	2	7	14	17	9	13	10	15	21	18	12	11	16	22	23	20	19	29										
6/3/2019	1	6	5	8	4	3	2	7	14	17	9	13	10	15	21	18	12	11	16	22	23	20	19	29										
6/10/2019	1	6	5	8	4	3	2	7	14	16	9	13	10	15	22	18	12	11	17	23	21	20	19	29										
6/17/2019	1	6	5	8	4	3	2	7	14	16	9	13	10	15	21	18	12	11	17	22	23	20	19	29										
6/24/2019	1	6	5	8	4	3	2	7	14	16	9	13	10	15	21	18	12	11	19	22	23	20	17	29										
7/1/2019	1	6	5	8	4	3	2	7	14	16	9	13	10	15	21	18	12	11	19	22	23	20	17	29										
7/8/2019	1	6	5	8	4	3	2	7	14	16	9	13	10	15	21	18	12	11	19	22	23	20	17	29										
7/15/2019	1	6	5	8	4	3	2	7	14	16	9	13	10	15	21	18	12	11	19	22	23	20	17	29										
7/22/2019	1	6	5	8	4	3	2	7	14	16	9	13	10	15	21	18	12	11	19	22	23	20	17	29										
7/29/2019	1	6	4	8	5	3	2	7	13	16	9	14	10	15	21	18	12	11	19	22	23	20	17	29										
8/5/2019	1	6	4	8	5	3	2	7	14	16	9	15	10	13	21	18	12	11	19	22	23	20	17	29										
8/12/2019	1	6	5	8	4	3	2	7	13	16	10	15	11	14	21	18	12	9	19	22	23	20	17	29										
8/19/2019	2	6	4	7	5	3	1	8	13	16	10	15	11	14	21	18	12	9	19	22	23	20	17	29										
8/26/2019	2	6	5	8	3	4	1	7	13	16	10	15	11	14	21	18	12	9	19	22	23	20	17	29										
9/2/2019	1	6	5	8	3	2	4	7	13	16	9	15	11	14	21	18	12	10	19	22	23	20	17	29										
9/9/2019	2	6	4	8	3	1	5	7	14	16	9	15	11	13	22	18	12	10	19	21	23	20	17	29										
9/16/2019	2	6	4	8	3	1	5	7	14	16	9	15	11	13	22	18	12	10	19	21	23	20	17	29										
9/23/2019	1	6	5	7	3	2	4	8	14	16	10	15	11	13	22	18	12	9	19	21	23	20	17	29										
9/30/2019	1	6	5	7	3	4	2	9	14	15	12	16	10	13	22	19	11	8	18	21	23	20	17	29										
10/7/2019	1	6	5	7	3	4	2	9	12	15	11	16	10	13	22	19	14	8	18	21	23	20	17	29										
10/14/2019	1	6	5	8	3	4	2	9	12	15	11	13	10	17	22	19	14	7	18	21	23	20	16	29										
10/21/2019	1	6	4	7	2	5	3	9	12	15	11	13	10	17	22	19	14	8	18	21	23	20	16	29										
10/28/2019	3	6	2	7	1	5	4	9	12	15	11	13	10	17	22	19	14	8	18	21	23	20	16	29										
11/4/2019	2	6	1	7	3	5	4	9	12	15	11	13	10	17	22	19	14	8	18	21	23	20	16	29										
11/11/2019	2	6	1	7	3	5	4	9	12	15	11	13	10	17	21	19	14	8	18	23	22	20	16	29										
11/18/2019	2	6	1	7	3	5	4	9	12	15	11	13	10	17	22	19	14	8	18	24	23	20	16	30										
11/25/2019	2	6	1	7	3	5	4	9	12	15	11	13	10	17	22	19	14	8	18	24	23	20	16	29										
12/2/2019	2	6	1	7	3	5	4	9	12	15	11	13	10	17	22	19	14	8	18	24	23	20	16	29										
12/9/2019	2	6	1	7	3	5	4	9	12	15	11	13	10	17	22	19	14	8	18	24	23	20	16	29										
12/16/2019	2	6	1	7	3	5	4	9	12	15	11	13	10	17	22	19	14	8	18	24	23	20	16	29										
12/23/2019	2	6	1	7	3	5	4	9	12	15	11	13	10	17	22	19	14	8	18	24	23	20	16	29										
12/30/2019	2	6	1	7	3	5	4	9	12	15	11	13	10	17	22	19	14	8	18	24	23	20	16	29										
1/6/2020	2	6	1	7	3	5	4	9	12	15	11	13	10	17	22	19	14	8	18	24	23	20	16	29										
1/13/2020	2	6	1	7	3	5	4	9	12	15	11	13	10	17	22	19	14	8	18	24	23	20	16	29										
1/20/2020	2	6	1	7	3	5	4	9	12	15	11	13	10	17	22	19	14	8	18	24	23	20	16	29										
1/27/2020	2	6	1	7	3	5	4	9	12	15	11	13	10	17	22	19	14	8	18	24	23	20	16	29										
2/3/2020	2	7	1	6	3	5	4	9	12	15	11	14	10	17	23	19	13	8	18	22	24	20	16	29										
2/10/2020	2	7	1	6	3	4	5	9	13	15	11	14	10	17	22	19	12	8	18	20	23	25	16	29										
2/17/2020	2	7	1	6	3	4	5	9	13	15	11	14	10	17	22	19	12	8	18	20	23	25	16	29										
2/24/2020	2	7	1	5	3	4	6	8	14	15	11	13	10	16	22	19	12	9	17	20	23	24	18	29										
3/2/2020	2	7	1	5	3	4	6	8	14	15	11	13	10	16	22	19	12	9	17	20	23	24	18	29										
3/9/2020	2	7	1	5	3	4	6	8	14	15	11	13	10	16	23	19	12	9	17	21	24	20	18	29										
3/16/2020	2	7	1	5	3	4	6	8	14	15	11	13	10	16	23	19	12	9	17	21	24	20	18	29										
3/23/2020	2	7	1	5	3	4	6	8	14	15	11	13	10	16	23	19	12	9	17	21	24	20	18	29										
3/30/2020	2	7	1	5	3	4	6	8	14	15	11	13	10	16	23	19	12	9	17	21	24	20	18	29										
4/6/2020	2	7	1	5	3	4	6	8	14	15	11	13	10	16	23	19	12	9	17	21	24	20	18	29										
4/13/2020	2	7	1	5	3	4	6	8	14	15	11	13	10	16	23	19	12	9	17	21	24	20	18	29										
4/20/2020	2	7	1	5	3	4	6	8	14	15	11	13	10	16	23	19	12	9	17	21	24	20	18	29										
4/27/2020	2	7	1	5	3	4	6	8	14	15	11	13	10	16	23	19	12	9	17	21	24	20	18	29										
5/4/2020	2	7	1	5	3	4	6	8	14	15	11	13	10	16	23	19	12	9	17	21	24	20	18	29										
5/11/2020	2	7	1	5	3	4	6	8	14	15	11	13	10	16	23	19	12	9	17	21	24	20	18	29										
5/18/2020	2	7	1	5	3	4	6	8	14	15	11	13	10	16	23	19	12	9	17	21	24	20	18	29										
5/25/2020	2	7	1	5	3	4	6	8	14	15	11	13	10	16	23	19	12	9	17	21	24	20	18	29										
6/1/2020	2	7	1	5	3	4	6	8	14	15	11	13	10	16	23	19	12	9	17	21	24	20	18	29										
6/8/2020	2	7	1	5	3	4	6	8	14	15	11	13	10	16	23	19	12	9	17	21	24	20	18	29										
6/15/2020	2	7	1	5	3	4	6	8	14	15	11	13	10	16	23	19	12	9	17	21	24	20	18	29										
6/22/2020	2	7	1	5	3	4	6	8	14	15	11	13	10	16	23	19	12	9	17	21	24	20	18	29										
6/29/2020	2	7	1	5	3	4	6	8	14	15	11	13	10	16	23	19	12	9	17	21	24	20	18	29										
7/6/2020	2	7	1	5	3	4	6	8	14	15	11	13	10	16	23	19	12	9	17	21	24	20	18	29										
7/13/2020	2	7	1	5	3	4	6	8	14	15	11	13	10	16	23	19	12	9	17	21	24	20	18	29										
7/20/2020	2	7	1	5	3	4	6	8	14	15	11	13	10	16	23	19	12	9	17	21	24	20	18	29										
7/27/2020	2	7	1	5	3	4	6	8	14	15	11	13	10	16	23	19	12	9	17	21	24	20	18	29										
8/3/2020	2	7	1	5	3	4	6	8	14	15	11	13	10	16	23	19	12	9	17	21	24	20	18	29										
8/10/2020	2	7	1	5	3	4	6	8	14	15	11	13	10	16	23	19	12	9	17	21	24	20	18	29										
8/17/2020	2	7	1	5	3	4	6	8	14	15	11	13	10	16	23	19	12	9	17	21	24	20	18	29										
8/24/2020	2	7	1	5	3	4	6	8	14	15	11	13	10	16	23	19	12	9	17	21	24	20	18	29										
8/31/2020	2	7	1	5	3	4	6	8	14	15	11	13	10	16	23	19	12	9	17	21	24	20	18	29										
9/7/2020	2	7	1	5	3	4	6	8	14	15	11	13	10	16	23	19	12	9	17	21	24	20	18	29										
9/14/2020	2	7	1	5	3	4	6	8	14	15	11	13	10	16	23	19	12	9	17	21	24	20	18	29										
9/21/2020	2	7	1	5	3	4	6	8	14	15	11	13	10	16	23	19	12	9	17	21	24	20	18	29										
9/28/2020	2	7	1	5	3	4	6	8	14	15	11	13	10	16	23	19	12	9	17	21	24	20	18	29										
10/5/2020	2	7	1	5	3	4	6	8	14	15	11	13	10	16	23	19	12	9	17	21	24	20	18	29										
10/12/2020	2	5	1	6	3	4	7	8	14	15	11	13	10	16	23	19	12	9	17	21	24	20	18	29										
10/19/2020	2	5	1	6	3	4	7	8	14	15	11	13	10	16	23	19	12	9	17	21	24	20	18	29										
10/26/2020	2	6	1	5	3	4	7	8	14	15	11	13	10	16	23	19	12	9	17	21	24	20	18	29										
11/2/2020	2	6	1	4	3	5	8	7	14	15	11	13	10	17	23	19	12	9	18	21	24	20	16	29										
11/9/2020	2	6	1	4	3	5	8	7	14	15	11	13	10	16	23	19	12	9	18	21	24	20	17	29										
11/16/2020	3	6	1	4	2	5	9	7	14	15	11	13	8	16	23	19	12	10	18	21	24	20	17	29										
11/23/2020	3	6	1	4	2	5	9	7	14	15	11	13	8	16	23	19	12	10	18	21	24	20	17	29										
11/30/2020	3	6	1	4	2	5	9	7	14	15	11	13	8	16	23	19	12	10	18	20	24	21	17	29										
12/7/2020	3	6	1	4	2	5	9	7	14	15	11	13	8	16	23	19	12	10	18	20	24	21	17	29										
12/14/2020	3	6	1	4	2	5	9	7	14	15	11	13	8	16	23	19	12	10	18	20	24	21	17	29										
12/21/2020	3	6	1	4	2	5	9	7	14	15	11	13	8	16	23	19	12	10	18	20	24	21	17	29										
12/28/2020	3	6	1	4	2	5	9	7	14	15	11	13	8	16	23	19	12	10	18	20	24	21	17	29										
1/4/2021	3	6	1	4	2	5	9	7	14	15	11	13	8	16	23	19	12	10	18	20	24	21	17	29										
1/11/2021	3	6	1	4	2	5	9	7	14	15	11	13	8	16	23	19	12	10	18	20	24	21	17	29										
1/18/2021	3	6	1	4	2	5	9	7	14	15	11	13	8	16	23	19	12	10	18	20	24	21	17	29										
1/25/2021	3	6	1	4	2	5	9	7	14	15	11	13	8	16	23	19	12	10	18	20	24	21	17	29										
2/1/2021	3	6	1	4	2	5	9	7	14	15	11	13	8	16	23	19	12	10	18	20	24	21	17	29										
2/8/2021	2	6	1	4	3	5	8	7	14	15	11	13	9	16	23	19	12	10	18	20	24	21	17	29										
2/15/2021	2	5	1	4	3	6	7	8	14	15	11	13	9	16	23	19	12	10	18	20	24	21	17	29										
2/22/2021	2	5	1	4	3	6	7	8	14	15	11	13	9	16	23	19	12	10	18	20	24	21	17	29										
3/1/2021	2	6	1	3	4	7	5	8	15	14	11	13	9	16	23	19	12	10	18	20	24	21	17	29										
3/8/2021	2	6	1	3	4	7	5	8	15	14	11	13	9	16	23	19	12	10	18	21	24	20	17	29										
3/15/2021	2	7	1	4	3	6	5	9	15	14	11	13	8	16	22	19	12	10	17	24	23	20	18	29										
3/22/2021	2	7	1	3	4	5	6	9	15	14	11	13	8	16	22	18	12	10	17	24	23	20	19	29										
3/29/2021	2	7	1	5	3	4	6	8	15	14	11	13	9	16	23	18	12	10	17	21	24	20	19	29										
4/5/2021	2	7	1	5	3	4	6	8	15	14	11	13	9	16	23	18	12	10	17	21	24	20	19	29										
4/12/2021	2	7	1	5	3	4	6	8	15	14	11	13	9	16	23	18	12	10	17	21	24	20	19	29										
4/19/2021	2	7	1	5	3	4	6	8	15	14	11	13	9	16	23	18	12	10	17	21	24	20	19	29										
4/26/2021	2	7	1	5	3	4	6	8	15	14	11	13	9	16	23	18	12	10	17	21	24	20	19	29										
5/3/2021	2	7	1	5	3	4	6	8	15	14	11	13	9	16	23	18	12	10	17	21	24	20	19	29										
5/10/2021	2	7	1	5	3	4	6	8	15	14	11	13	9	16	23	18	12	10	17	21	24	20	19	29										
5/17/2021	2	7	1	5	3	4	6	8	15	14	11	13	9	16	23	18	12	10	17	21	24	20	19	29										
5/24/2021	2	7	1	5	3	4	6	8	15	14	11	13	9	16	23	18	12	10	17	21	24	20	19	29										
5/31/2021	2	7	1	5	3	4	6	8	15	14	11	13	9	16	23	18	12	10	17	21	25	20	19	29										
6/7/2021	2	7	1	5	3	4	6	8	15	14	11	13	9	16	23	18	12	10	17	21	25	20	19	29										
6/14/2021	2	7	1	5	3	4	6	8	15	14	11	13	9	16	23	18	12	10	17	21	25	20	19	29										
6/21/2021	2	7	1	5	3	4	6	8	15	14	11	13	9	16	23	18	12	10	17	21	25	20	19	29										
6/28/2021	2	7	1	5	3	4	6	8	15	14	11	13	9	16	23	18	12	10	17	21	25	20	19	29										
7/5/2021	2	7	1	5	3	4	6	8	15	14	11	13	9	16	23	18	12	10	17	21	25	20	19	29										
7/12/2021	2	5	1	6	3	4	7	8	14	13	11	15	9	16	23	18	12	10	17	20	25	21	19	28										
7/19/2021	2	6	1	5	3	4	9	8	14	13	11	15	7	16	22	18	12	10	17	19	25	23	20	28										
7/26/2021	2	6	1	5	3	4	9	8	14	13	11	15	7	16	22	18	12	10	17	19	25	23	20	28										
8/2/2021	2	6	1	5	3	4	9	8	14	13	11	15	7	16	22	18	12	10	17	19	25	23	20	28										
8/9/2021	2	6	1	5	3	4	9	8	14	13	11	15	7	16	22	18	12	10	17	19	25	23	20	28										
8/16/2021	2	7	1	5	3	4	9	8	14	13	11	15	6	16	22	18	12	10	17	19	25	23	20	28										
8/23/2021	2	6	1	5	3	4	9	8	14	13	11	15	7	16	22	18	12	10	17	19	25	23	20	28										
8/30/2021	2	6	1	5	3	4	9	8	14	13	11	15	7	16	22	18	12	10	17	19	25	23	20	28										
9/6/2021	2	7	1	5	3	4	9	8	14	13	11	15	6	17	21	18	12	10	16	19	25	23	20	28										
9/13/2021	2	5	1	6	3	4	9	8	14	13	11	15	7	16	21	18	12	10	17	19	25	23	20	28										
9/20/2021	1	3	2	6	4	5	9	8	14	13	11	15	7	16	21	18	12	10	17	19	25	23	20	28										
9/27/2021	1	3	2	6	4	5	9	7	14	13	11	15	8	16	21	18	12	10	17	19	25	23	20	28										
10/4/2021	2	3	1	6	4	5	9	7	14	13	11	15	8	16	21	18	12	10	17	19	25	23	20	28										
10/11/2021	2	3	1	6	4	5	9	7	14	13	11	15	8	17	23	18	12	10	16	19	25	22	20	26										
10/18/2021	2	3	1	6	4	5	9	7	14	13	11	15	8	17	23	18	12	10	16	19	25	22	20	26										
10/25/2021	2	3	1	6	4	5	9	7	14	13	11	15	8	17	23	18	12	10	16	19	25	22	20	26										
11/1/2021	1	3	2	6	4	5	9	7	14	13	11	15	8	17	23	18	12	10	16	19	25	22	20	26										
11/8/2021	1	3	2	6	4	5	9	7	14	13	11	15	8	18	23	16	12	10	17	19	24	21	20	26										
11/15/2021	2	5	1	6	3	4	9	7	14	13	11	15	8	18	22	16	12	10	17	19	24	21	20	26										
11/22/2021	2	6	1	5	3	4	8	7	14	13	11	16	9	17	21	15	12	10	18	19	24	23	20	25										
11/29/2021	2	6	1	5	3	4	8	7	14	13	11	16	9	17	21	15	12	10	18	19	24	25	20	23										
12/6/2021	2	6	1	5	3	4	8	7	14	13	11	16	9	17	21	15	12	10	18	19	24	25	20	23										
12/13/2021	2	6	1	5	3	4	8	7	14	13	11	16	9	17	21	15	12	10	18	19	24	25	20	23										
12/20/2021	2	6	1	5	3	4	8	7	14	13	11	16	9	17	21	15	12	10	18	20	24	25	19	23										
12/27/2021	2	6	1	5	3	4	8	7	14	13	11	16	9	17	21	15	12	10	18	20	24	25	19	23										
1/3/2022	2	6	1	5	3	4	8	7	14	13	11	16	9	17	21	15	12	10	18	20	24	25	19	23										
1/10/2022	2	6	1	5	3	4	8	7	14	13	11	16	9	17	21	15	12	10	18	20	24	25	19	23										
1/17/2022	2	6	1	5	3	4	8	7	14	13	11	16	9	17	21	15	12	10	18	20	24	25	19	23										
1/24/2022	2	6	1	5	3	4	8	7	14	13	11	16	9	17	21	15	12	10	18	20	24	25	19	23										
1/31/2022	2	6	1	5	3	4	8	7	14	13	11	16	9	17	21	15	12	10	18	20	24	25	19	23										
2/7/2022	2	7	1	5	4	3	8	6	14	12	11	16	9	18	21	15	13	10	19	17	24	25	20	23										
2/14/2022	2	6	1	4	3	5	8	7	14	12	11	16	9	18	21	15	13	10	19	20	24	25	17	23										
2/21/2022	2	6	1	4	3	5	8	7	14	12	11	16	9	18	21	15	13	10	19	20	24	25	17	23										
2/28/2022	2	6	1	3	4	5	7	8	14	12	11	16	9	18	21	17	13	10	19	20	24	25	15	23										
3/7/2022	2	6	1	3	4	5	7	8	14	12	11	16	9	18	21	17	13	10	19	20	24	25	15	23										
3/14/2022	2	6	1	3	5	4	8	7	14	12	11	16	9	17	21	18	13	10	19	20	24	25	15	23										
3/21/2022	3	6	1	2	5	4	9	7	14	13	11	16	8	18	21	17	12	10	19	20	24	25	15	23										
3/28/2022	3	6	1	2	5	4	9	7	14	13	11	16	8	18	21	17	12	10	19	20	24	25	15	23										
4/4/2022	3	6	1	2	5	4	9	7	14	13	11	16	8	18	21	17	12	10	19	20	24	25	15	23										
4/11/2022	3	6	1	2	5	4	9	7	14	13	11	16	8	18	21	17	12	10	19	20	24	25	15	23										
4/18/2022	3	6	1	2	5	4	9	7	14	13	11	16	8	18	21	17	12	10	19	20	24	25	15	23										
4/25/2022	3	6	1	2	5	4	9	7	14	13	11	16	8	18	21	17	12	10	19	20	24	25	15	23										
5/2/2022	3	6	1	2	5	4	9	7	14	13	11	16	8	18	21	17	12	10	19	20	24	25	15	23										
5/9/2022	3	6	1	2	5	4	9	7	14	13	11	16	8	18	21	17	12	10	19	20	24	25	15	23										
5/16/2022	3	6	1	2	5	4	9	7	14	13	11	16	8	18	21	17	12	10	19	20	24	25	15	23										
5/23/2022	3	6	1	2	5	4	9	7	14	13	11	16	8	18	21	17	12	10	19	20	24	25	15	23										
5/30/2022	3	6	1	2	5	4	9	7	14	13	11	16	8	18	21	17	12	10	19	20	24	25	15	23										
6/6/2022	3	6	1	2	5	4	9	7	14	13	11	16	8	18	21	17	12	10	19	20	24	25	15	23										
6/13/2022	3	6	1	2	5	4	9	7	14	13	11	16	8	18	21	17	12	10	19	20	24	25	15	23										
6/20/2022	3	6	1	2	5	4	9	7	14	13	11	16	8	18	21	17	12	10	19	20	24	25	15	23										
6/27/2022	3	6	1	2	5	4	9	7	14	13	11	16	8	18	21	17	12	10	19	20	24	25	15	23										
7/4/2022	2	5	1	3	6	4	9	8	12	14	11	16	7	17	21	19	13	10	18	20	24	25	15	23										
7/11/2022	4	6	3	1	5	2	8	7	14	13	11	18	9	17	22	16	12	10	20	19	23	25	15	24										
7/18/2022	4	6	3	2	5	1	8	7	14	11	12	16	9	19	23	17	13	10	18	20	24	25	15	22										
7/25/2022	4	6	3	2	5	1	8	7	14	11	12	16	9	19	23	17	13	10	18	20	24	25	15	21										
8/1/2022	4	6	3	2	5	1	8	7	14	11	12	16	9	19	23	17	13	10	18	20	24	25	15	21										
8/8/2022	5	6	3	2	4	1	8	7	14	11	12	16	9	19	23	17	13	10	18	20	24	25	15	21										
8/15/2022	4	7	3	2	5	1	8	6	14	11	12	16	9	19	23	17	13	10	18	20	24	25	15	21										
8/22/2022	4	7	3	2	5	1	8	6	14	11	12	16	9	19	23	17	13	10	18	20	24	25	15	21										
8/29/2022	5	6	3	2	4	1	9	8	14	11	12	16	7	19	23	17	13	10	18	20	24	25	15	21										
9/5/2022	4	8	3	2	5	1	9	7	14	11	12	16	6	19	23	17	13	10	18	20	24	25	15	21										
9/12/2022	4	8	3	2	5	1	9	7	14	11	12	16	6	19	23	17	13	10	18	20	24	25	15	21										
9/19/2022	4	9	3	2	5	1	7	6	14	11	12	16	8	19	23	17	13	10	18	20	24	25	15	21										
9/26/2022	4	9	3	2	5	1	7	6	14	11	12	16	8	19	23	17	13	10	18	20	24	25	15	21										
10/3/2022	4	9	3	2	5	1	7	6	14	11	12	16	8	19	23	17	13	10	18	20	24	25	15	21										
10/10/2022	4	9	3	2	5	1	7	6	14	11	12	16	8	19	23	17	13	10	18	20	24	25	15	21										
10/17/2022	4	9	3	2	5	1	7	6	14	11	12	16	8	19	23	17	13	10	18	20	24	25	15	21										
10/24/2022	4	9	3	2	5	1	7	6	14	11	12	16	8	19	23	17	13	10	18	20	24	25	15	21										
10/31/2022	4	6	3	2	5	1	7	9	14	11	12	16	8	19	23	17	13	10	18	20	24	25	15	21										
11/7/2022	3	7	4	2	5	1	9	8	12	14	11	15	6	20	22	17	13	10	19	18	23	25	16	21										
11/14/2022	3	8	4	2	5	1	7	9	11	12	13	15	6	19	21	20	14	10	16	18	23	25	17	22										
11/21/2022	3	8	4	2	5	1	9	6	12	11	14	15	7	19	23	20	13	10	17	18	21	25	16	22										
11/28/2022	3	6	4	2	5	1	9	7	12	11	14	15	8	19	23	20	13	10	17	18	21	25	16	22										
12/5/2022	3	6	4	2	5	1	9	7	12	11	14	15	8	19	23	20	13	10	17	18	21	25	16	22										
12/12/2022	3	6	4	2	5	1	9	7	12	11	14	15	8	19	23	20	13	10	17	18	21	25	16	22										
12/19/2022	3	6	4	2	5	1	9	7	12	11	14	15	8	19	23	20	13	10	17	18	21	25	16	22										
12/26/2022	3	6	4	2	5	1	9	7	12	11	14	15	8	19	23	20	13	10	17	18	21	25	16	22										
1/2/2023	3	6	4	2	5	1	9	7	12	11	14	15	8	19	23	20	13	10	17	18	21	25	16	22										
1/9/2023	3	6	4	2	5	1	9	7	12	11	14	15	8	19	23	20	13	10	17	18	21	25	16	22										
1/16/2023	3	6	4	2	5	1	9	7	12	11	14	15	8	19	23	20	13	10	17	18	21	25	16	22										
1/23/2023	3	6	4	2	5	1	9	7	12	11	14	15	8	19	23	20	13	10	17	18	21	25	16	22										
1/30/2023	3	6	4	2	5	1	9	7	12	11	14	15	8	19	23	20	13	10	17	18	21	25	16	22										
2/6/2023	3	7	4	2	6	1	9	5	12	11	14	15	8	19	23	20	13	10	17	18	21	25	16	22										
2/13/2023	3	7	4	2	6	1	9	5	12	11	14	15	8	19	23	20	13	10	17	18	21	25	16	22										
2/20/2023	3	7	4	2	6	1	9	5	13	11	14	15	8	19	23	20	12	10	18	16	21	25	17	22										
2/27/2023	3	7	4	2	6	1	10	5	13	11	14	15	8	19	23	20	12	9	18	16	21	25	17	22										
3/6/2023	3	7	4	2	6	1	10	5	13	11	14	15	8	18	23	20	12	9	17	16	21	25	19	22										
3/13/2023	3	7	4	2	6	1	9	5	14	11	13	15	8	18	23	20	12	10	17	16	21	25	19	22										
3/20/2023	3	7	4	2	6	1	9	5	14	12	13	15	8	18	23	19	11	10	17	16	21	25	20	22										
3/27/2023	3	7	4	2	6	1	9	5	14	12	13	15	8	18	23	19	11	10	17	16	21	25	20	22										
4/3/2023	3	7	4	2	6	1	9	5	14	12	13	15	8	18	23	19	11	10	17	16	21	25	20	22										
4/10/2023	3	7	4	2	6	1	9	5	14	12	13	15	8	18	23	19	11	10	17	16	21	25	20	22										
4/17/2023	3	7	4	2	6	1	9	5	14	12	13	15	8	18	23	19	11	10	17	16	21	25	20	22										
4/24/2023	3	7	4	2	6	1	9	5	14	12	13	15	8	18	23	19	11	10	17	16	21	25	20	22										
5/1/2023	3	7	4	2	6	1	9	5	14	12	13	15	8	18	23	19	11	10	17	16	21	25	20	22										
5/8/2023	3	7	4	2	6	1	9	5	14	12	13	15	8	18	23	19	11	10	17	16	21	25	20	22										
5/15/2023	3	7	4	2	6	1	9	5	14	12	13	15	8	18	23	19	11	10	17	16	21	25	20	22										
5/22/2023	3	7	4	2	6	1	9	5	14	12	13	15	8	18	23	19	11	10	17	16	21	25	20	22										
5/29/2023	3	7	4	2	6	1	9	5	14	12	13	15	8	18	23	19	11	10	17	16	21	25	20	22										
6/5/2023	3	7	4	2	6	1	9	5	14	12	13	15	8	18	23	19	11	10	17	16	21	25	20	22										
6/12/2023	3	7	4	2	6	1	9	5	14	12	13	15	8	18	23	19	11	10	17	16	21	25	20	22										
6/19/2023	3	7	4	2	6	1	9	5	14	12	13	15	8	18	23	19	11	10	17	16	21	25	20	22										
6/26/2023	3	7	4	2	6	1	9	5	14	12	13	15	8	18	23	19	11	10	17	16	21	25	20	22										
7/3/2023	3	7	4	2	6	1	9	5	14	12	13	15	8	18	23	19	11	10	17	16	21	25	20	22										
7/10/2023	3	7	4	2	6	1	9	5	14	12	13	15	8	18	23	19	11	10	17	16	21	25	20	22										
7/17/2023	3	8	4	2	6	1	9	5	14	12	13	15	7	18	23	19	11	10	17	16	21	25	20	22										
7/24/2023	3	8	4	2	6	1	9	5	14	10	13	15	7	18	23	19	11	12	17	16	21	25	20	22										
7/31/2023	2	8	4	3	6	1	9	5	14	13	10	15	7	18	23	19	11	12	17	16	21	25	20	22										
8/7/2023	2	8	4	3	6	1	9	5	13	12	10	15	7	17	23	19	11	14	18	16	21	25	20	22										
8/14/2023	2	8	4	3	6	1	10	5	13	12	9	15	7	18	23	19	11	14	17	16	21	25	20	22										
8/21/2023	2	8	3	4	6	1	10	5	13	12	9	15	7	18	23	19	11	14	17	16	21	25	20	22										
8/28/2023	4	9	2	3	8	1	10	5	13	12	7	15	6	18	23	19	11	14	17	16	21	25	20	22										
9/4/2023	4	9	2	3	8	1	10	5	13	12	7	15	6	18	23	19	11	14	17	16	21	25	20	22										
9/11/2023	4	7	2	3	6	1	8	5	12	11	9	15	10	18	23	19	13	14	17	16	21	25	20	22										
9/18/2023	4	9	2	3	6	1	7	5	12	11	8	15	10	18	23	19	13	14	17	16	21	25	20	22										
9/25/2023	4	10	3	2	6	1	7	5	11	12	8	15	9	18	23	19	14	13	17	16	21	25	20	22										
10/2/2023	4	10	3	2	6	1	7	5	11	14	8	15	9	18	23	19	13	12	17	16	21	25	20	22										
10/9/2023	4	9	3	2	6	1	7	5	11	15	10	16	8	18	23	20	14	12	17	13	21	25	19	22										
10/16/2023	2	9	1	4	5	3	8	6	11	15	10	16	7	18	23	20	14	12	17	13	21	25	19	22										
10/23/2023	2	9	1	4	5	3	8	6	11	15	10	16	7	18	23	20	14	12	17	13	21	25	19	22										
10/30/2023	3	9	1	4	5	2	8	6	11	15	10	16	7	18	23	20	14	12	17	13	21	25	19	22										
11/6/2023	3	9	1	4	5	2	8	6	11	15	10	16	7	18	23	20	14	12	17	13	21	25	19	22										
11/13/2023	3	9	1	4	5	2	8	6	11	15	10	16	7	18	23	20	14	12	17	13	21	25	19	22										
11/20/2023	3	9	1	4	5	2	8	6	11	15	10	16	7	18	23	20	14	12	17	13	21	25	19	22										
11/27/2023	3	9	1	4	5	2	8	6	11	15	10	16	7	18	23	20	14	12	17	13	21	25	19	22										
12/4/2023	3	9	1	4	5	2	8	6	11	15	10	16	7	18	23	20	14	12	17	13	21	25	19	22										
12/11/2023	3	9	1	4	5	2	8	6	11	15	10	16	7	18	23	20	14	12	17	13	21	25	19	22										
12/18/2023	3	9	1	4	5	2	8	6	11	15	10	16	7	18	23	20	14	12	17	13	21	25	19	22										
12/25/2023	3	9	1	4	5	2	8	6	11	15	10	16	7	18	23	20	14	12	17	13	21	25	19	22										
1/1/2024	3	9	1	4	5	2	8	6	11	15	10	16	7	18	23	20	14	12	17	13	21	25	19	22										
1/8/2024	3	9	1	4	5	2	8	6	11	15	10	16	7	18	23	20	14	12	17	13	21	25	19	22										
1/15/2024	3	9	1	4	5	2	8	6	11	15	10	16	7	18	23	20	14	12	17	13	21	25	19	22										
1/22/2024	3	9	1	4	5	2	8	6	11	15	10	16	7	18	23	20	14	12	17	13	21	25	19	22										
1/29/2024	3	9	1	4	5	2	8	6	11	15	10	16	7	18	23	20	14	12	17	13	21	25	19	22										
2/5/2024	3	9	1	4	5	2	8	6	11	14	10	15	7	18	23	19	13	12	17	16	21	25	20	22										
2/12/2024	3	9	1	4	5	2	8	6	11	14	10	15	7	18	23	20	13	12	17	16	21	25	19	22										
2/19/2024	3	9	1	4	5	2	8	6	11	14	10	16	7	18	23	20	13	12	17	15	21	25	19	22										
2/26/2024	3	9	1	4	5	2	8	6	10	14	11	16	7	18	23	20	13	12	17	15	21	25	19	22										
3/4/2024	3	9	1	4	5	2	8	6	10	14	11	16	7	18	23	20	13	12	17	15	21	25	19	22										
3/11/2024	3	10	1	4	5	2	8	6	9	14	11	16	7	18	23	20	13	12	17	15	21	25	19	22										
3/18/2024	3	9	1	4	5	2	10	6	8	14	11	15	7	18	23	20	13	12	17	16	21	25	19	22										
3/25/2024	3	9	1	4	5	2	10	6	8	14	11	15	7	18	23	20	13	12	17	16	21	25	19	22										
4/1/2024	3	9	1	4	5	2	10	6	8	14	11	15	7	18	23	20	13	12	17	16	21	25	19	22										
4/8/2024	3	9	1	4	5	2	10	6	8	14	11	15	7	18	23	20	13	12	17	16	21	25	19	22										
4/15/2024	3	9	1	4	5	2	10	6	8	14	11	15	7	18	23	20	13	12	17	16	21	25	19	22										
4/22/2024	3	9	1	4	5	2	10	6	8	14	11	15	7	18	23	20	13	12	17	16	21	25	19	22										
4/29/2024	3	9	1	4	5	2	10	6	8	14	11	15	7	18	23	20	13	12	17	16	21	25	19	22										
5/6/2024	3	9	1	4	5	2	10	6	8	14	11	15	7	18	23	20	13	12	17	16	21	25	19	22										
5/13/2024	3	9	1	4	5	2	10	6	8	14	11	15	7	18	23	20	13	12	17	16	21	25	19	22										
5/20/2024	3	9	1	4	5	2	10	6	8	14	11	15	7	18	23	20	13	12	17	16	21	25	19	22										
5/27/2024	3	9	1	4	5	2	10	6	8	14	11	15	7	18	23	20	13	12	17	16	21	25	19	22										
6/3/2024	3	9	1	4	5	2	10	6	8	14	11	15	7	18	23	20	13	12	17	16	21	25	19	22										
6/10/2024	3	9	1	4	5	2	10	6	8	14	11	15	7	18	23	20	13	12	17	16	21	25	19	22										
6/17/2024	3	9	1	4	5	2	10	6	8	14	11	15	7	18	23	20	13	12	17	16	21	25	19	22										
6/24/2024	3	9	1	4	5	2	10	6	8	14	11	15	7	18	23	20	13	12	17	16	21	25	19	22										
7/1/2024	3	9	1	4	5	2	10	6	8	14	11	15	7	18	23	20	13	12	17	16	21	25	19	22										
7/8/2024	3	8	1	4	5	2	11	6	9	13	10	15	7	17	21	20	14	12	18	16	22	25	19	23										
7/15/2024	3	9	1	4	5	2	11	6	8	13	10	16	7	18	22	20	12	14	17	15	21	25	19	23										
7/22/2024	3	9	1	4	5	2	11	6	8	13	10	16	7	19	22	20	12	14	17	15	21	25	18	23										
7/29/2024	3	9	1	4	5	2	11	6	8	13	10	16	7	19	22	20	12	14	17	15	21	24	18	23										
8/5/2024	3	9	1	4	5	2	11	6	8	13	10	16	7	19	22	20	12	14	17	15	21	24	18	23										
8/12/2024	3	9	1	4	5	2	11	7	8	13	10	16	6	19	22	20	12	14	17	15	21	24	18	23										
8/19/2024	3	9	1	4	5	2	11	7	8	13	10	16	6	19	22	20	12	14	17	15	21	24	18	23										
8/26/2024	3	9	1	4	5	2	11	7	8	13	10	16	6	19	22	20	12	14	17	15	21	24	18	23										
9/2/2024	3	8	1	4	5	2	11	6	9	13	10	16	7	19	21	20	12	14	17	15	22	24	18	23										
9/9/2024	3	9	1	4	5	2	11	6	8	13	10	16	7	19	21	20	12	14	17	15	22	24	18	23										
9/16/2024	3	9	1	4	5	2	11	6	8	14	10	16	7	19	21	20	12	13	17	15	22	24	18	23										
9/23/2024	3	10	2	4	5	1	11	7	8	13	9	16	6	19	21	20	12	14	17	15	22	24	18	23										
9/30/2024	3	10	2	4	5	1	11	7	8	13	9	16	6	19	21	20	12	14	17	15	22	24	18	23										
10/7/2024	3	10	2	4	5	1	11	7	8	13	9	16	6	19	21	20	12	14	17	15	22	24	18	23										
10/14/2024	3	10	2	4	5	1	11	7	8	13	9	16	6	19	21	20	12	14	17	15	22	24	18	23										
10/21/2024	3	10	2	4	5	1	11	7	8	13	9	16	6	19	21	20	12	14	17	15	22	24	18	23										
10/28/2024	3	10	2	4	5	1	11	7	8	13	9	16	6	19	21	20	12	14	17	15	22	24	18	23										
11/4/2024	3	9	2	4	5	1	11	7	8	13	10	16	6	19	21	20	12	14	17	15	22	24	18	23										
11/11/2024	2	8	1	4	7	3	11	6	10	13	9	18	5	16	21	20	12	14	19	15	22	24	17	23										
11/18/2024	3	8	1	4	7	2	11	6	10	14	9	19	5	15	23	20	12	13	18	16	26	25	17	21										
11/25/2024	3	8	1	4	7	2	11	6	10	14	9	19	5	15	23	20	12	13	17	16	26	25	18	21										
12/2/2024	3	8	1	4	7	2	11	6	10	14	9	19	5	15	23	20	12	13	17	16	26	25	18	21										
12/9/2024	3	8	1	4	7	2	11	6	10	14	9	19	5	15	23	20	12	13	17	16	26	25	18	21										
12/16/2024	3	8	1	4	7	2	11	6	10	14	9	19	5	15	23	20	12	13	17	16	26	25	18	21										
12/23/2024	3	8	1	4	7	2	11	6	10	14	9	19	5	15	23	20	12	13	17	16	26	25	18	21										
12/30/2024	3	8	1	4	7	2	11	6	10	14	9	19	5	15	23	20	12	13	17	16	26	25	18	21										
1/6/2025	3	8	1	4	7	2	11	6	10	14	9	19	5	15	23	20	12	13	17	16	25	32	18	21										
1/13/2025	3	8	1	4	7	2	11	6	10	14	9	19	5	15	23	20	12	13	17	16	25	32	18	21										
1/20/2025	3	8	1	4	7	2	11	6	10	14	9	19	5	15	23	20	12	13	17	16	25	32	18	21										
1/27/2025	3	8	1	4	7	2	11	6	10	14	9	19	5	15	23	20	12	13	17	16	25	32	18	21										
2/3/2025	3	8	1	4	7	2	11	6	10	14	9	19	5	15	23	20	12	13	17	16	25	32	18	21										
2/10/2025	3	8	1	4	6	2	12	7	10	14	9	19	5	15	23	20	11	13	17	16	25	32	18	21										
2/17/2025	3	8	1	4	6	2	12	7	10	14	9	19	5	16	23	20	11	13	17	15	25	31	18	21										
2/24/2025	3	8	1	4	6	2	12	7	10	14	9	19	5	16	23	20	11	13	17	15	25	31	18	21										
3/3/2025	3	8	1	4	6	2	12	7	10	14	9	19	5	15	23	20	11	13	18	16	25	31	17	21										
3/10/2025	2	8	1	4	6	3	12	7	10	14	9	19	5	15	23	20	11	13	18	16	25	31	17	21										
3/17/2025	2	8	1	4	6	3	12	7	10	14	9	19	5	15	24	20	11	13	17	18	25	31	16	21										
3/24/2025	2	8	1	4	6	3	12	7	10	14	9	19	5	15	24	20	11	13	17	18	25	31	16	21										
3/31/2025	2	8	1	4	6	3	12	7	10	14	9	19	5	15	24	20	11	13	17	18	25	31	16	21										
4/7/2025	2	8	1	4	6	3	12	7	10	14	9	19	5	15	24	20	11	13	17	18	25	32	16	21										
4/14/2025	2	8	1	4	6	3	12	7	10	14	9	19	5	15	24	20	11	13	17	18	25	32	16	21										
4/21/2025	2	8	1	4	6	3	12	7	10	14	9	19	5	15	24	20	11	13	17	18	25	32	16	21										
4/28/2025	2	8	1	4	6	3	12	7	10	14	9	19	5	15	24	20	11	13	17	18	25	32	16	21										
5/5/2025	2	8	1	4	6	3	12	7	10	14	9	19	5	15	24	20	11	13	17	18	25	32	16	21										
5/12/2025	2	8	1	4	6	3	12	7	10	14	9	19	5	15	24	20	11	13	17	18	25	32	16	21										
5/19/2025	2	8	1	4	6	3	12	7	10	14	9	19	5	15	24	20	11	13	17	18	25	32	16	21										
5/26/2025	2	8	1	4	6	3	12	7	10	14	9	19	5	15	24	20	11	13	17	18	25	32	16	21										
6/2/2025	2	8	1	4	6	3	12	7	10	14	9	19	5	15	24	20	11	13	17	18	25	32	16	21										
6/9/2025	2	8	1	4	6	3	12	7	10	14	9	19	5	15	24	20	11	13	17	18	25	32	16	21										
6/16/2025	2	8	1	4	6	3	12	7	10	14	9	19	5	15	24	20	11	13	17	18	25	32	16	21										
6/23/2025	2	8	1	4	6	3	12	7	10	14	9	19	5	15	24	20	11	13	17	18	25	32	16	21										
6/30/2025	2	8	1	4	6	3	12	7	10	14	9	19	5	15	24	20	11	13	17	18	25	32	16	21										
7/7/2025	2	8	1	4	5	3	14	7	10	13	9	19	6	15	24	21	11	12	17	18	25	32	16	20										
7/14/2025	2	6	1	4	5	3	12	8	10	13	9	19	7	16	24	21	11	14	17	18	25	32	15	20										
7/21/2025	2	6	1	4	5	3	12	8	10	13	9	19	7	16	25	21	11	14	17	18	27	32	15	20										
7/28/2025	2	6	1	4	5	3	12	8	10	13	9	19	7	16	25	21	11	14	17	18	27	32	15	20										
8/4/2025	2	6	1	4	5	3	12	8	10	13	9	19	7	16	25	21	11	14	17	18	27	32	15	20										
8/11/2025	2	6	1	4	5	3	12	8	10	13	9	19	7	16	25	21	11	14	17	18	27	32	15	20										
8/18/2025	1	6	3	4	5	2	12	8	10	13	9	19	7	16	25	21	11	14	17	18	27	32	15	20										
8/25/2025	1	6	2	4	5	3	12	8	10	14	9	17	7	18	24	21	11	13	16	19	27	32	15	20										
9/1/2025	1	6	2	4	5	3	12	8	10	14	9	17	7	18	24	21	11	13	16	19	27	32	15	20										
9/8/2025	1	6	3	4	5	2	12	8	10	14	9	16	7	19	24	21	11	13	17	18	27	32	15	20										
9/15/2025	3	7	1	4	5	2	12	8	10	15	9	19	6	16	24	21	11	13	17	18	27	32	14	20										
9/22/2025	3	7	1	4	5	2	12	8	10	15	9	17	6	16	24	21	11	13	18	19	27	32	14	20										
9/29/2025	3	7	1	4	5	2	12	8	10	16	9	18	6	15	24	21	11	13	19	20	27	32	14	17										
10/6/2025	2	7	1	4	5	3	12	8	10	16	9	18	6	15	24	21	11	13	19	20	27	32	14	17										
10/13/2025	2	7	1	4	5	3	12	8	10	16	9	18	6	15	24	21	11	13	19	20	27	32	14	17										
10/20/2025	2	7	1	4	5	3	12	8	10	16	9	18	6	15	24	21	11	13	19	20	27	33	14	17										
10/27/2025	2	7	1	4	5	3	12	8	10	16	9	18	6	15	24	21	11	13	19	20	27	33	14	17										
11/3/2025	2	7	1	5	4	3	12	8	10	16	9	18	6	15	24	21	11	13	19	20	27	33	14	17										
11/10/2025	2	7	1	5	4	3	12	8	10	17	9	19	6	16	24	21	11	13	15	20	27	34	14	18										
11/17/2025	2	7	1	5	3	4	12	9	10	17	8	19	6	16	24	21	11	13	15	20	27	33	14	18										
11/24/2025	2	7	1	5	3	4	11	9	10	19	8	18	6	16	25	22	13	12	14	20	27	32	15	17										
12/1/2025	2	7	1	5	3	4	11	9	10	19	8	18	6	16	25	22	13	12	14	20	27	32	15	17										
12/8/2025	2	7	1	5	3	4	11	9	10	19	8	18	6	16	25	22	13	12	14	20	27	32	15	17										
12/15/2025	2	7	1	5	3	4	11	9	10	19	8	18	6	16	25	22	13	12	14	20	27	32	15	17										
12/22/2025	2	7	1	5	3	4	11	9	10	19	8	18	6	16	25	22	13	12	14	20	27	32	15	17										
12/29/2025	2	7	1	5	3	4	11	9	10	19	8	18	6	16	25	22	13	12	14	20	27	32	15	17										
1/5/2026	2	7	1	5	3	4	11	9	10	19	8	18	6	16	25	22	13	12	14	20	27	32	15	17										
1/12/2026	2	7	1	5	3	4	11	9	10	19	8	18	6	16	25	22	13	12	14	20	27	32	15	17										
1/19/2026	2	7	1	5	3	4	11	9	10	19	8	18	6	16	25	22	13	12	14	20	27	32	15	17										
1/26/2026	2	7	1	5	3	4	11	9	10	19	8	18	6	16	25	22	13	12	14	20	27	32	15	17										
2/2/2026	2	7	1	5	3	4	11	9	10	19	8	18	6	16	25	22	13	12	14	20	27	32	15	17										
2/9/2026	2	7	1	4	3	5	11	10	9	20	8	18	6	16	25	22	13	12	14	19	26	33	15	17										
2/16/2026	2	7	1	3	4	5	11	9	10	20	8	18	6	16	25	21	13	12	14	19	26	33	15	17										
2/23/2026	2	8	1	4	5	3	12	7	10	20	9	19	6	16	25	21	13	11	14	17	26	33	15	18										
3/2/2026	2	8	1	4	5	3	12	7	10	20	9	19	6	16	25	21	13	11	14	17	26	33	15	18										
3/9/2026	2	8	1	4	6	3	12	7	10	20	9	19	5	15	25	21	13	11	14	16	26	32	17	18										
3/16/2026	2	8	1	4	6	3	11	7	10	20	9	19	5	16	25	22	13	12	15	14	26	32	17	18										
3/23/2026	2	8	1	4	6	3	11	7	10	20	9	19	5	16	25	22	13	12	15	14	26	32	17	18										
3/30/2026	2	8	1	4	6	3	11	7	10	20	9	19	5	16	25	22	13	12	15	14	26	32	17	18										
4/6/2026	2	8	1	4	6	3	11	7	10	20	9	19	5	16	25	22	13	12	15	14	26	32	17	18										
4/13/2026	2	8	1	4	6	3	11	7	10	20	9	19	5	16	25	22	13	12	15	14	26	32	17	18										
4/20/2026	2	8	1	4	6	3	11	7	10	20	9	19	5	16	25	22	13	12	15	14	26	32	17	18										
4/27/2026	2	8	1	4	6	3	11	7	10	20	9	19	5	16	25	22	13	12	15	14	26	32	17	18										
5/4/2026	2	8	1	4	6	3	11	7	10	20	9	19	5	16	25	22	13	12	15	14	26	32	17	18										
5/11/2026	2	8	1	4	6	3	11	7	10	20	9	19	5	16	25	22	13	12	15	14	26	32	17	18										
5/18/2026	2	8	1	4	6	3	11	7	10	20	9	19	5	16	25	22	13	12	15	14	26	32	17	18										
5/25/2026	2	8	1	4	6	3	11	7	10	20	9	19	5	16	25	22	13	12	15	14	26	32	17	18										
6/1/2026	2	8	1	4	6	3	11	7	10	20	9	19	5	16	25	22	13	12	15	14	26	32	17	18										
6/8/2026	2	8	1	4	6	3	11	7	10	20	9	19	5	16	25	22	13	12	15	14	26	32	17	18										
																																		
																																		
																																		
																																		
																																		
																																		
